0010000000000000000000000000000000000000000000000000000000000001001
1000001001000010101001101010010010011000000100010010101111010000001
1001000010010000101111001000000100111001110010010001100110010011100
0000000000000000000000000000000000000000000000000000000000000001011
0000000000000000000000000000000000000000000000000000000000011111011
0000000000000000000000000000000000000000000000000000000001010101011
0000000000000000000000000000000000000000000000000000000001010111011
0000000000000000000000000000000000000000000000000000000000000000000
1000001001000010101001101010010010011000000100010010101111010000001
1000001001000010101001101010010010011000000100010010101111010000001
0000000000000000000000000000000000000000000000000000000000000000000
0000000000000000000000000000000000000000000000000000000000000000000
