00001 10000000000000000000000000000000000000000000000000000000000001001 1 0 0 1 0 0 1 0 0 1 0 0 1 0
00001 1000001001000010101001101010010010011000000100010010101111010000001 1 0 0 1 0 0 1 0 0 1 0 0 1 0 
00001 1001000010010000101111001000000100111001110010010001100110010011100 1 0 0 1 0 0 1 0 0 1 0 0 1 0
00010 1000001001000010101001101010010010011000000100010010101111010000001 1 0 1011 1 0 0 1 0 0 1 0 0 1 0
00100 1000001001000010101001101010010010011000000100010010101111010000001 1 0 0 1 0 11111011 1 0 0 1 0 0 1 0
01000 1000001001000010101001101010010010011000000100010010101111010000001 1 0 0 1 0 0 1 0 1010101011 1 0 0 1 0
10000 1000001001000010101001101010010010011000000100010010101111010000001 1 0 0 1 0 0 1 0 0 1 0 01010111011 1 0
00000 1000001001000010101001101010010010011000000100010010101111010000001 1 0 1011 1 0 1011 1 0 0 1 0 0 1 0
00001 1000001001000010101001101010010010011000000100010010101111010000001 1 0 1011 1 0 1011 1 0 0 1 0 0 1 0
00001 1000001001000010101001101010010010011000000100010010101111010000001 1 0 1011 1 0 1011 1 0 0 1 0 0 1 0
00000 1000001001000010101001101010010010011000000100010010101111010000001 1 0 1011 1 0 1011 1 0 0 1 0 0 1 0
//sel(0), idata_0(!), ivalid_0("), ivch_0(#), idata_1($), ivalid_1(%), ivch_1(&), idata_2('), ivalid_2((), ivch_2()), idata_3(*), ivalid_3(+), ivch_3(,), idata_4(-), ivalid_4(.), ivch_4(/)



