1110000001011101000111000100010101011010111101110110100101001101
0110101111110001111010011111101111100101001100001001010000111110
0001000011001111110000000010001000011010100011010110101001100100
1111101100011000010101111111111110101101010010101011101100011111
0010011010011111101100101000100010010011110111000100001011100000
1000000101010000010110101011010101101110001000101011000001010101
0111101010101101101011000111001000111001100110111111111110011100
1000000100110010010100111000100001110110000001111010010110111011
0111001001000101000011001111100100001001111110001011011111100101
0010110110110100110010000011011001010100100001100000101001011010
1010001001001101011101011111101101111001011100001111110110101000
0100100110011000000010001011010010010110101011110110100100111111
1101011111110111110101011100000101101011110000010011111111000101
0110000100001011100110100101011011011100001101101110011000011100
0101101110101100010100010110100110000011110000110101100101101111
1100110000011011101010101000011111101100111010111011011110100000
0011000111100100001101011101010111010011011101001001111100001111
1100111000011011000111010000101100111100001100010100000101001000
0010010100001110111010111110010001101110110111100001011010100111
0100101011101010110100000001100100010010001111011010100001011101
1101110000110111010011101100101011001001111000011000011110100010
0011011111111000101001001101010101110100000010101001101001011000
1000110100000111010100010110101100100011110100001101010100111101
1011101011111000110110110001000001111100100111101011101011101010
1000001100001111001001101010001111000000011101010101011100101100
0001110010010010010010100100110101111101101010101111100010101011
1111100101111100101000101100000000000011010111010100011100000000
0101110010001011010101001111011011110100101111101001110101101111
0100010101000000101110110001010100011010010001010110001001010111
1110101110110111110011000111111111110100100101000011110100100000
0001001101011100011010101000110000001001001010111101101101010010
0100100010111010100111000111011011011110101001110110000010100101
0011111111110101100001111000100100101101011010000011011111110011
1100000011001000010010100010011010011000110110111000110010100000
0001010000110101111100011010110101100010100011000111111000011111
0000001111111010000111101100101010010001011000101001000000110001
0101111011100001111000110011010101100001100000111110110101001100
0011000110011010100101001100101011100010011010100001110000011011
1010101001011001111010100001010010000101100100011010101001110100
0111110010110100100101010111101101000111111011000001010000011111
0001101101001111111010101110100010111110100110010100111011100011
0111111011010000010100001101011100010001010000001001000100000101
1010110000111111110110100010100001100110101011100000111011100111
0011000111011100000101100101111110011101111100110011000111011000
0110111100110001101011011110110111110011011011010100111100100101
1111001111000010010100101101011000011000110101101101001111101110
0000111101111111110001101000100111111111011111010010010100010111
0001001011110000001010011011101011000000000000100001001010001000
1100101110000000100101101110011101111111001100011110010101110010
0001110110010101110010011110100110001110111011100101101010001101
0100001011111011001111100001001011001000100111010000110101011010
1001110110000111110000111000110100110011001011001110111110111000
1111001010100000001101000011010000001000110111011011101001000111
0010100011011111111011101101111010100110001110000100000110101101
1101101101000100010110000100000111111101100001110011111111010101
0010110100111111011100111010001100001010111010101100001001111011
1111010010001100101011011100110011111111110000010010100110010000
0000011001110111110010011101010101100001001111101100011000101110
1100101001001000010101100011101110000110110110010101101011110000
0001010101011011001011011000010101111100010101110000010101001110
1111111001010100110100011000100010000111001110001011101110111101
1000000100001011001001010101111001111000001010100100110001011001
1110111011100000110101100100011110111010110101011011011111101111
0001001101011111011000010010101011000010000001100110111000000101
1010010011000000100110011001010100110111100010011010010010011000
1101001101001110111001100110111101000100001101111100101011100100
1010110000111001000110011101001101100111101010101011010001000010
1000001110010011100000100110110010000001010100110101101000110101
0110110101111111010101011111111111101110100010000000010111101100
1101001011101001101110111000111010011010001101011111011000011011
1100101100010111111001010110100100101011110100100000101111010100
1010011001001010010110011110001011010000001011011101000101001111
0000000111111111101111100111110000101011111100010011011001010000
0010111100000000011000101011001111110110010001110000000101111111
1101110010010111101011111100110110110100101110010111101010001000
1110011100100001110110010001001001101001010011110000011100000110
0001101110010110111001011011110010010110100100010001101011001000
1011001011010011010111110100000101100101001011001110011100111101
0010110010100100111001011111101000010010000000010100100011000111
1100001011010101110110100111010111111101011101100110000100011000
0011100001100010000011010110001000010010001110011011011001111110
0100011010011011010100001000111011000001110001011000100110000110
1111110100000110100011110100100100110111011100101100011000011010
0100110111110101110110101011111111001100100000110011001011100101
1001000100111011000001010010111100101001011111010100110100111000
0110111111001010011110111110100001100111111100101001000011101111
1111001010111001100001101010011111110110100111110110001100010000
0010111100100110111110000101001010010001010000101110010010111110
1100100110010011011100011010110000101110111111101101101101000010
0010111000100001101011010001011011011001011001000000010110111001
1000001110011111010000101011010111100110100111001010100101001110
0011011001000101001001000100101000010100110000110111101010011001
1101100101010110111110000010010111101010011011101101110101101010
1110101011111011001101111001001000011011000100011010000010111100
0101010010011100101011010110110111110111111000100010111110000111
1010010111001010010000010101101000101000100010010101100011111000
0000101010010011100011101000101111110011110101101110101100000011
1100001101100100001000010011010001111101101010000000000011101011
0101111001011010011011001110001100000110111111111111111101000101
1110000011000001100100101000110011010011001100000001110010100100
0100110000111010010001010111101100011010111011010100011000011010
1111101111010001101100111000010011110100011111110011111101101110
1001111010000110111101000111001101001011110000001100011000000100
1110110111011011010000111001100000111101000101010001101110111001
0100101000100000010101001001001110100110101010101010110001000010
0001110110010110101100110011101001001000010100001100001110011100
0000000000001001010100001110010010111111110011000011011000110011
1101111100110011111010010001010101000010010101111000000101101000
1011000110010101000011100110011100110101111001000111111010010001
0100011101101010111010011011001000000000010010110001101111101101
1010100011011000110001101110111111111110101100001101100000010101
1111100100100000001110000101111001000101010011110011011100001000
1000010010001101010011111010100110101000111111010100000010010010
0111001110011011001100000101100001000111010110101000111000101011
0000101000100111110010110010011000111010111101011101100111111001
0111001011000000001000101001110011001101000110110011101000100100
1010100100011110011111000111111111110011111001101000101101010011
0001101011100000000001010000110000001001011111010111000001001101
1000100000011011111100101111001110010010000001010010101111111000
0100001111000100010010000000110000111000111001011111010001101111
1011110001110010100101001100011111000101100111000001000101010101
0111011010011101011100101001111000101000001010011110011011001010
1001001111100100100001001110100101010111011000000001100110101100
0110101111011011111011010000001010101100100011001111011100010101
0001010000100010000101011010010101000100010110110001000011001111
0110111100011100101010000101101011011111101111100010010100101100
1111000011010110010111101010000100011010001000011101100001100010
0111101100101100100000010101011011010101100011101110101011101101
1010010110011001110111111010100111011110101100010100011100010111
1101101001101110001101000001000000010110010011111001101110110010
0010010110011101011010000110111010001100101010001110100010001100
1101101011110100110101101001100110101000010101111011011101001101
1010011100111001011100010110001000100110101011000010110110011010
0100101010000110101011101000010111001100111111000100101001100000
0110011101101101100000001011101001110011101000111001100111001111
1001110011011011011111011100100111110000011101000100001011110001
0110001100101000110101000011011011101011001000001111111000101111
1011011010010111000010110011100111111100110011110010101111011110
0111100100001000111111000000011001110001000000111001100001100011
1101011011111110000010111011110100100111111111011111101111101101
0010100101101111111101100111011011010001110011101000101001010010
1110111010010000010010001100110100101110011110101011110000010111
0110001001011111101101101010111111010010100001011100101111110010
0001010100110000010110001101001001010000000110000011110100000101
1100111001011111100001110011010011110010101010101100001001011011
0001001110000001011010001100100001000101001101110101100100101011
1110010000100010100100100111111110000110111110001010111001000010
0011101010010001110111011000100101001000011001010000000110001101
0100001111101100001000101101010111110110110110111011101100000110
0111110100010111101111000110001101011110101011000100110111101001
1100101101000101000001111011100011110101100110111111001010010110
0011010110101101111010010011010101111000001001010001110101001011
1101111101000100001101110101001010110010010110100110000110010100
1110000010111001011110000010001001000101101100001000111001110000
0101011001010110110101001100110110111011110111000001100111010111
0010100111110000001011110010101100000101000100011101111101001000
1101111111000100110011001011011011111010110001000000000010001111
0010001110010111001100100000010000000111001010110011001110110010
1000010110101010010010111101101111110001110011010100100000001001
0111100010011011111110101011010100001110101110111110011011110111
1110010011100101010001010010101011110111110001010011100001010101
0101100000111011000110110011000100001011101110011000011110100000
1010011100001100001011100000101011000000010011000110100011011000
1111101111011011100111011001011101101010101110111011011000100110
0011010000111100011000100111110000100001011010110010000111111000
1110110111001010110111101011011110011100101100000101001000100110
0111000111100101010000000000100001100000011010110000100011010001
1100011110001111001001111111111001011010101101011111011110101100
1010110001110001100111110100010010110101011011101100110001011110
1101001010001000011100001001001101111011100111000000111000000001
0001110001000100101001101010110010010100001000011010000101111000
1110000110110011010011000001011010001010100010101111111000000001
0001111001011100101110001111111100100101110010000000100000111010
1011010100100111111000100000000001111011100101110110010011000110
0110111011110011010011010011101010000100010011001000110111101001
1111010100011000001111001110111101110010100010000111001000010111
1001001011100000110000010001000011000111110001101111111111101011
0110101010011101110110101000111101011001101010000000000100110101
1001100111101010101100111011110001100110000101111111010101000010
0110001001100101010000100100011100101000110101010100111000111101
1000011100011110101011111111000111010101111101101011110110001010
1111100011100001000101110100000100011100001010110101101001010001
0011011101101010110010101101111001100101110111001100010010100101
0101000110110001001101111011111110111000001100101111101101111110
1110111001001010110001100110010001011000111111110000011100101001
0001010010010101001010110000111111111111101010101111101000011111
1011101101000001010100000111000000001000010010001110011101100001
1101010110011010101110110111011011101111111110110001110000011110
0000011011001110010001010000101101100000001011011110001011000011
1111101111110111011110101110010011111011010110100101000111110101
1100011110011010010010111001101110000110001001111010101001101010
0010110101111101101001000100100100011000010110000111100110010010
1101001111110011010000111101111011010110001111101000011010101100
0001111000000101111011001010011110001001110001101010100111010001
1110010111010000001000010101100100010111000111101000011000001010
0001101000100001011111100000010011100111011111000111100111010011
1110100001111110100001000101111000000000100000011011100000100100
0001011110100111111100010010000000000111101111111101011011011010
0010001001111001100111111001010011101011010001010011100100000101
1101111000100100011010010101111110011100001111001101001110101010
1000100111011011111001100011000001000000111100010101100001110001
0111011010010100100100100110011010010101100010101000011000001100
1001101001101011111010100011100101110011011101000001101011011010
0000110100001101000000001111111000000101100011111110011101000101
1111100010111001111011110011000001110000001100010001101000101100
0000011000010111000011001111101100010111111011111110010000110010
1111010111101001110011110000011001011001001010100000100011101101
1111101010110110000000100101110000100110110100111011010110011010
0100000101000001011110001111001101001000000010001101100101011101
0001011010101000110001100010100010110001000001110110011000101110
1100100101100010100110111101101101100110111001001101011110010001
1011101000011001111001011010110010011011011001110010100010111101
1010011011000110100110000101010100000101110100010101010100001010
1011100000111001000111110010100001111000001100101110101110010100
0001111111000010111111000111011110000010101010011101110011101101
1110100110110001001011001000110001011101010101111110111100000111
0010110001011010010111001111001110110000110011100001010001111000
1101100111000111110101010000011111000111001101011100001110100101
0010011000101000101110110011100100010001110011000100101000110010
1110100100010101010100101100010110100010001101011011100010000101
1001111010101010001111011001100001001101100000001111011000100011
1011000100111100011100100000011110100110111110110000001101011101
1000101011000001100101001111101111011110000001001110101110010000
0110001100101010011000110010110100000011001110111101000001010110
0100010111011110000101001001001001110100100001001010011001111001
0010101001101001011010111101010101101011111110101011101110001111
0110110110010010101101000110011010010101100111110100100000100101
1011000011011111011010111100000010110010111011001011010111010010
0101111111010101100011001001111111001101100111110000100110001101
1110010000100010011100111000000110010100010110011111110011110100
1001111110011100101011101101001001001010011000110001010100000011
0111010111110010001100001110110110010101000111000110011101110110
0110101100001101110011000000011011111010010001101011111010101111
0100010101000110001101111011101011000101101110110100010100011110
0101101001111001101010010110010100011111001001011010111111101011
0110010100010110010001001100110001100100111100010000100000010101
0111101111001111101111101011000111011111101001000111011101101000
1000001010100010000000101110110101100101010111110011100010010011
0111110001001110101010100101011010001011000000011100011010100100
1001000100000000011001011110101001010010101111001111110101010011
0101011110010111100110110011111110101111000100110011001100001110
1010110001100001001000001110001001010011000011000101100000111100
1100001110011010110110110001011011100100010000110011110110011001
0110101111100101001000001110110110000001001111111101100001010110
1100110000001001010111100101001011111010100000001100010100001010
0001101111000100110000011110011000000100001001010011101011001001
1000110010101010001110100011011111100010110111101110010111111010
0111110111011001100000001000101000111101011000101100100000100101
1100000000001100111001111100010010001010110011010111101011011010
1010110111110110001110000100101101100111101101110001010110001111
0001001000111010100010100111110110011000011110100100111001110100
1011110111101101011111011010011011111110100101000011000011010110
0100010010010000001000100001100100001011111001011011010110101101
0011111010111110111111011010001011101101000101001101101001010100
0001111011001001000010101100110100010010100010100001010110111000
1010000101100011101100010110101011101001101110111010101011100101
0101101011001011010000100100000110010010110001100101110101001011
1110011101111100110100111011101000111100001100111010100010111001
0101100011000010111011000101010111101101010101011001010001000101
1011011001110001001000011111101111010010001110101010110110011010
0101010110001100110001100100000001011000010001110011101000100100
1000110001110110111110011001000110100010001100011110011010011011
0100011110101101000110001110011011011100100001010001110001101100
1011110001110100011000110101110111110101011000110110111110011011
0000110100011010100011001010110100100001101111001000000011100110
1101001111110110010100100101101101010101011000100111100111010001
1110110000011001011111111010010110100100001011110000111000000010
0001100010101110101100000101101111010010110010011110001011001001
1100011101010101001010001111111010100101100110100001110100011010
0011111000010010001101100000000100011010010000000000000011100011
1100100111001001110001100010011111110110100000011111111100011100
0011010010110110011101101111001010011001001111110000101010000110
0100010001001001100011010101110101001111100101000101010001101010
1011001111011111011101100101000010001011011110111000101100010111
1101110100101000011110011010010011111100000111000101110001101010
1000101011000100100000100100110110000011100100011011011111000111
1110011110111001110000010011011101110110111111100100100000001001
0101011010000110011111111010100000101011100010001101011111011110
1011100111011111100011010111010110000100100111110110010000100101
0110011111000010011100011011101111101111011000011001100111100000
1011001011110110000001100100111001000100000111100110111100011100
0110110100011001101111111111011110011000011101111001001010110000
1101101001001110010100000011111011100101000001010110111101011001
0011010101010000101110001101001110011110101110011101000011110010
1111101011011111101101100000010001100011110100111010111110001100
0110000000000011010010011111101010011110110000010100000011000010
1001011101110101001001110101000101100111001001111010011101111000
0011100101001111010110010110101010000000111110000010100010000010
0100111110010010110001101101010100011111010101010100001111110000
1011000001001100001010011010110111010100010010001011000101011011
1100001101110001110101010101010011110011101101010101111111100111
0110110010000100011011101111010100001011010011100010100011001000
1001001100111010101110010101100001110101011110001110011111101110
0101110001000111000001110110011110101110100011010101011001010110
1010111000111000101110001111010010010101010110001010000000101100
1101101111011011000101110001101110101010101011111101100010000000
0011100111101110011000001010000000010111011110000010111100110101
1000011010011111110111010111111100000101011001111100000010001011
0011000111000100101010110000010011111100100110111011100111100101
1100101010111001000010001110111100000111111111100100000100000011
1111011101010000101101101010100111101010000010010011011001011100
0101100010101001011010100101111001011011011101110000110111000010
0010001010000111110011011011000110001101110111001110001000010101
1101110010111000111100100100110101101010101101010101011100110010
0100110100001111010011000011001010000000000000111011111011001100
0010000001110110100100101101110000110111110110011100010101100001
1110100000011001110000011010000110001100001011000011110010111110
0010111011100111001011000101111101110010100010001010010111000101
1001000100011011100100111000000100010111011111011010100001001010
0100001010100000011101000001010111101001100101110101011000110011
1011110101011011110100111110000100101010111100001000001101000110
1100010011000101001011010001000011010001000000000011100110011011
0010101110110010100001000110100100110110111111110101010010001110
1001110100101100011010101101011111011101010010101010100010110011
0110011111100111101101001010111000100001101001011010011001101110
1010100000011101011000100010000101000110111111110101101110011000
0010001111100010111111011000100010111000000000101100110000001100
1111111110011101001000100010001001110111110110000000111101110001
1000010111100011110110010101100110010110100101111101100011100110
1101001000010100000111101000111110111001011010110110011111111011
0011100101011010111010111111000011000010101010011000100100100000
1100111011011101110100000000111111011111001101010110111011001101
1001110101010010001111110101001100101101000010101011010100111010
1110111111101100111100000110110011111010011101001101101111011001
1000000110001111010011011101011100000100000001111110010000110101
0110010011111100011010101000100011111001100111000101101111011001
0000101100000111101011010011001101000110011100010111110001001000
1000000001011000000001100100110110001001110010101110011111111111
1110111001000010101111011001011001110110101111110101000110010000
0001011000111110011111011111100110011001000010011010011011101111
1110010001110011100001100100111001101010111111100011000001000010
0000000110001111000001011000000100010111100000011110001110101111
1001111111100000011100110011111101011100110011000001110101010001
0011110000100001100010001101000110100001101100010110100010101000
0101001110111010111101101001010001011110111011110101111101011110
0011100000000000001110010111101110110001010000100101000000000101
0101011101000111110011101100111001011010001110011001011011111111
1110000000111110000100100011001111100101010111101111110001001001
1101010111000101101001011101010000100000001001010100000100010111
0100111010100001010010110010101110010011110110111000110011001110
0111111110011110110000001111110001101000101010010111001000110011
0011101001101101001111100001001111010010010100011000000110001111
1100010110110101110101111110111001100001101011111110101011011110
0011100101001010000011000011111111111101101101100001011000100011
1100011110100101111100100000000010001011011001101100111010011001
0011000101011110110011010111101110101010000000010011001011100100
1110011000100001000111100100100100010111010111101110110001101011
1100100110011110010000011001110001011010100110011001001100010001
0101001001010001111101100010011110110000000010100010010111101010
1100010110101110100100111011101100001101111101010100011000100001
0011101011100001011011001100000001001111000100100101001110010110
1100100101010110110000110111101110010101111011110110001101111101
1010011000101001111011001100110100111111000010010001110110010110
0101000111011011010000000011011011010000111000010110000011110000
1010100010001101001110111110000100001101010111001101110010100111
1101111001111000100001000000011111010010100001111100011011011101
1011110100100111110111001111110101101101110110000011100101111000
1100101011001010111000011101111000010011111001011000011011010111
0011010100000101100110110111011111011001100100100000100101101010
1000101001000010111001100100100000101010111111011101000110111111
0100010111100100001011111011011111010111000001101111110000110001
1000101110110110111100010110100000111000110110110101000101011010
0111110100000101010001001000011111011101000111101010001010101001
1001010011110100001010110100100010010011110000000110010101000110
0111100110001100110101000011111101001100010001111100101000100111
1100011111000000111000111010000010011011100111000101010111111010
0111001100101101000111000001001001100000001100111000111101001110
0101111010111001101000011100110101011101110011011011001010100001
0010011101010101010011100001100011100000111110000100111101001011
0110001010101010101100010001001000011111111001010011010100110000
0001111000101110010011101111111111101000011111011111111011001111
0111000110011101011010011010001000011100101001100010000100010100
0110111001000010111000110101110111111110010100010001001111101010
1001010110111100001111001000001110111001011100110110010000000110
0110101101001001111000010000100011011100110001011101111011111101
0010011000101110110010111001011010100111001010110010000100100010
0110100111010100001011100110100101101000110011100000001010011100
0011011100101011110001001001011100001010000110011111111110110101
1010100001011110010111100100101001001111111000100100000001010010
0011101010100001001100011010000111010010101110011011001110011111
1000010101011111010101000100111000101100011011100110000110110111
1111100011101110001011111011001110101101001100011011111100001000
1001010101010100111111100101110101010010010101101101001001100111
0111100100101011100000110100100000100101110000011010010111010000
1001010010111100010110010110011110010010101111001000101010001111
0101111101011011011001000011101011111101010101110111001001011000
1000000010101100001110111100111101011010111011000001010000010010
1111110100110011100001000011111000000111001001111100100011101010
0000101011001100100101011100000110011100111011000010001001100001
1011011100110101000001111100011000100111000100110101011110011010
0100000011000010011000100010000101010010010111000011100001010000
0001110110111111100101010110111010111110111101111101010110000110
0010010001001010001010101011100110100001000010010100111010101000
1100100110110101010100000001001000000101111001111001100111110101
0001001000011000100011110111111111011010001111011111101100101011
1011010110100100001100001101010001000011110010100100110101010000
0110101111011010011100100001111100110000001101011001000010100101
1000001001010100010010010111000011001111111010111101001101011011
0110101000101000001101101000111000100011100100001011110011110010
0001001111110101110010011111111111010101010110010111000101001001
0110110001011010011001010101000001010010101011011000111011100011
1111111110001101100101111001100110110101010100010101010101011100
1000000101011010011100001010000101000110000011001000001010110111
0110111011001101110110111101011000010011101000110010110100011001
1000100110110010001011110011101011101001010011101111000110111100
0000001100001110001101001100010100001110100100110101111101001011
1001000011110101011010010001100101010000101001001110000011111100
0100010100000011100111101011110110111111111110110000111110011000
1111100011011110011011110100010011010000000011101001100101101100
0001010101100000000010001111101001001111101000111111101010010101
0110000010011111101001011011000110110110010111000100001011110000
1111100011010000001100010100111000001001111000101111010101011111
0000000100100010111101101010000111010101001010010000101001100111
1111111011010001101010111100100000100010100100001001100110010110
0000000100101010000001011111000001111101001001110101001010001000
1010011011010100111111101100111010000101100011111110111101111011
0110001100001011000010101011010000100011011100000000000000100001
1001101001110100010010010110111010011110100100110100111111011010
0101010110001000101001011010001001101001001010010011100010101111
1011110001110110111001110101101110110110110101100011101101110000
0110000100010001000000001111011100000011001110011001111010011111
0101101011011110001111111001000011110100110101110010100000111001
0110100101100100110000100010111101111011101000001001110001000111
1001110011110001001110011001101110000000011010110111011101111100
0111100000001110110011000010110110010100100100101000100110010111
1000010110110101011101101101000110100011111010001100111101111000
1111100001100011000110001100111000011101000101100000100100000110
1011011110011010011001100011000110000101011111010111011100111011
1010100001100110101100111100111001010010000000000001111110001110
1101111110011010111010100001100010100101111110101010010100100101
1000100001001100000100010111111100011000101000010111101101001011
1111010000110001111010100001000001001001000111111100010001110111
1010100010101010000111111110000111110111101000000011011111010000
0110011010010011110011000001101100000000010001111110100011111110
1001010011101100000101110101010101101101011110110111011101000001
1110011101010101111110101001001010010111000001001111001010111100
0010110010110101110010010010110101101000111010111001101100010011
0101101111111011111100111111101011010111001111000101000011001101
1111011001110100010110010000000001001000110110111010101001111010
0000110100000001101000101011100111110010100100100011010111010101
0011001000111011100011110100001011001101011001011011110001101010
0101100110100001110100011011111000010100110100110100010110010101
1101111001110111011001100110000110001111110110001011100001101110
0100110110111100100110010001110011111000011000010110011000000111
0011101001001011110001011111001000000110110010101111000011100010
0101011111011100111111101000101111110011001101010100100100001110
1110111001011111000110011111110000001000101010101001010110100001
1100000110101011101000100100001001110111000011010101101100101110
0011110011001100111111000011011110000010101010101001111011011001
1100101110110001000011111000100001100101010111101110110001010101
0010011101101100101011000110011100010000100001011011101000101010
1000100010000011000000011011100011001100000110000101000100011110
0101001101110110011110110010101110110111111001100110111000101000
1011010010001011101001100101010000011101110011011101111101010101
0110101001101100111101011100010110000010101101100010011011101010
1000000011010010000110001011110000111101000000101111100101011011
0110111101101010000010110000001111010001011001110000011011100110
0000100011111001110100001110110000000110100011000111100011001000
1100001010001000011001100001000110111000111100101000011111100110
1010111101001010000110011100101011000101000011010101101101110011
0101100000110111011011111010100110011000111100000000011000011110
0011001111011010100100010110010001001100100111110001100111110101
1000111000110110011001101111101001111010011001011010000000101110
1001101110001001100110010100010100110011110101011111111111010101
1100010001011111001110000001100111001101011010101001011000101010
0111111011100100110001111011111010000010100000000100010110110111
1010100110111011000110100101100100010111111011101001100001101110
1101111011101100010000000110110111101100000100011001011110000001
0000000000011011100111101110000001110111001011000101100011011111
1110001111000101011001001001101110010101110100110110000001000000
1100010010111010101110010110001001010010110011110001111010110111
0111101110100001010110101011110001100111001100000011100111001010
1010011000111101011001010100010110010001110110100011011000111101
1001111001110011000110101111001100001111001001011100000110010110
0100000101000101100100111011010001110100110100100011111100111001
1000111010101101001111100000000101101000001011001100010011010110
0110100100011011110011001001101000010110110000110011001000110010
1001011011101011101100010110010010101111101001000001010101111101
0111110100101110110010000001111110110000000110111101101110000111
1000001101010110010001111010100011011111101000000011110000010010
0101100010001001111100100000011110110010100001111101100011101100
1010111110110110000010011111001000010101101010111100011100010100
0101100010101001111110101011111111111100111111000011100101011011
1111010101010000000001110100110001111111001000011101011011011100
0001101001001111111111101010000010110000100100001010110010100111
1110000110010010010011010101111100001101100010011000001111110010
0000110110101110001100111011000111111001110111001111110000000101
0101111000010111100010000100111100100100001101011100001101101110
0010010101101100111110101011010000011001010010000000011011010011
0111101010110011010110100100110011000110001101010111101110101010
1010000110001000101011010001010000111011000110101000010111100111
0100110111110111010000110100111111001000101111000010101010111100
0010001011001101111001010000100000110101000000111101001101010010
1111100100110100100011100001011011001011101100010000110110100100
0000010010001001110000111100000110100101110001101100001000101001
1101110100110011011111100001000011010110001110100001100111010010
0010111111011100010101111010111100000001110001111110100100110100
0100000000001001111010010000110101101111101010000001101011011011
0011111011111111000001011010101010110010010110010110010010110000
0001110000000110111110000100010110001111001111101001111001011101
1100101111011011011000100101101001011001111000010011001110100111
0000000111000100100110010010001110000011000110000110100001001001
0100111010110101001100101001000001101110111011010101011110010010
1010010110000010101010110110010010000001000001101001101100100101
0111111001111101111101110011111100011110111011110100000100011111
1100000111111110110001101100100100111000001100001011111011000100
1011110000000011000111001011111010010111011110110110110011011011
0111001011111100101110110101000111111011100010011000111100101011
1000011111100101010001001100000000001001010001100111100001110101
1111000001011101001110101111011111101110001100010010000010101010
0010000100000110110011110000000000111101010011011001111011010110
1001111011001111001000100100110111000001001111100111001110000001
1100010101110010100011010011011001011110111010111000000110110010
0111111110001110011110010110000010110001110100000101011010001001
1001010001110000001000111101110100101100010111101011010101010100
0110100111000101011101000110011001100110001100011000100010101101
0011100000110011110010111111000100011101010010101000001001010010
0111101101011110000111000000010000110000100111010011110111100101
1001000000001001101001101100111111011111010110101001001000110100
1111111110100100101100010010100100110101100011010110100100001010
1001000001011111010100101111000011011010001010111000011111001110
0111101111101100110011110100110100111101110100011111110000001010
0110000010100011001110001101000011001011000111000001101011010111
1100111100010100100101110100110110111110111001010110000111100101
0000000101101011011011011001001101000010110110010101111011110110
0001111000011100101101111000100010110111001010000110100110001001
1010110011101101010010000110110000110100110101111001111010111010
1101001001011010110111100000011010001001111110010110101101000100
0010110001100110101010011010001101100010000000000001010011000010
0001001100111101010100100000110011011101001011011000101001010000
1100101011001010000111010110001111100110011001100001100111101111
0010010101110100100000101101101010111010110100011100001110110101
1101001100111111001010011100010101001101001011101001111101010100
0010110001001001110011000010101011100110101100011000111010000010
0000001011010110010001111111000000001011010111110101001001101101
1110110111101000001010011000111110110111101001001101110011101110
0000111100000110111101100011010101100011001101111110001100010101
1110010110101011101000111000101001010101110110001001110001111111
0101100011010000110011110011000100010011100100110110001110000110
0011011100011111010100001100111011010100100011110011001001101101
1101000011100011101001110101010101111010101001011000110111000111
0110111100111110010100111110111000001101100001111101001010010000
1100100110001001111010000001000110000010100010100011100110100111
1010010111100100110101110101111011111101011100000001000001001000
1101111101011010001011001000101010110010100101110010110110010001
0010101000001111111110110100011101101101111000010011101000111110
1111010001110000011101011010001101100010101101100100011111010001
1001101110001101110011100101010000100010001001011011110000011111
0111100011110110010001010110101101010110100100000100101011100100
1010011100001110110000100000110111100001011001100011011111011001
0101100111010000101101000111001000000111001101010100000110010100
0010011101000100011110101100010011100010111010000010111001101111
0000111000111000101011010010010101011101000101111111100010001100
1111100010000000010000000100001011100111011010101000011111100000
0000011000110011110111110010110010001000101011111111000011011100
1111100101001010101001011111000101111010100100110111111100010010
1000011000100110010110100000000111110100011111011010100111011111
0110110010001011001100010001001100001011100100100100010011101000
0011000110000000111011101101111011110100001111011000001101001011
0001010001101111000101000110010010011011101101110011110110110101
1110001110111001100011100000100100100111110001000000001000101010
0001000111111010111000001000011001111010001100111101110110010100
1100001000000111001010110111101011000001111011011110101101100100
0000111110101000011010011111011110111110001010100000010010111011
1101100011111110000101000001110011100010110101000010100100000101
1000000110000010111110011100001100010001011010011000110011011111
1101000000111001000001001011110111101000001100011111011101101000
0001011110000111011000110000010100110110110001100000001001011110
1111001100101111110101011111001100001101001010001101110110100011
0000100001000100001110000100010100111000010101010110100111010100
0101011101011110110101111111000011100101111010101010010111111011
1010000000111001000110010100111010010100000010001001001000000101
1000111001101101011001110011100111100011100101110110111100011010
1011000111000010000010010010011101011100111001101001000111000010
0001111001100010111100101101110111101011001111011110010110110101
0100110100001100000111110010001001010110101100010111001011101010
1111000010011111111000000000010010000001001001011101110110010101
0110011101110011110010001100111101011111010110100011011001001010
1000100000100101011111101001010010100100001011100100110110111000
0111110011100011101100111110101100011010110101011001010011011011
1000111010011000110001100001010011000110000100110110000110010101
0100100011110110001000011110111100111000001101011000101100111010
1111111110001001111111010011101001001001110010010011111000010101
1000000000010110000011101100010000100111001111011110010100010100
0001011110101010111110010011001111001001100111101010111111011011
0110100000010010000101000111110011111110011100000110000100000111
1000101110101110110110101100101100110000000011101101111111001001
1011000001011001011001000010011101101111111111000000011010100101
1110110001110011000110111101000101010100100101110110100101011011
0001011110000000011001101000111010001101000101011000011111110000
1010110001111101100111010100110101010100110011001110110010001000
0110001110000010111000100010010110100001101101010100100011110001
0000100010101111000111010001001001010100010000000101111101001101
1001011101010011000001001010000000110011101010101010000010111110
0001111010010101110111110101100111001101010101000101101110100111
1110010011000010001100100101111010101010101011110111000011011000
1111101100110010110111000110111101010001111110101000111111100111
0000100100001100001101111001001010110110100101100010000001001101
1011100011010010110010001100011100101100010010110111011010100010
0100100110100001001111101111111011010011101011011001101010011111
1001010011110110111101110010100010000100110110101100010001100010
0110101000100000001111001000111101100011101011110010110001011101
0001100110001101110100101111010110000001010000001001111111100000
1110010000111010001001000001110010110110001110101110111010111101
0001101001000101010110101011101001001001100010111011000000111100
1001010110110100001101011000100111000110011111000100100011100111
0001100011011010101000101101011010110001110000111110110000001000
1100001100100101010010000010100100101101000011101110111111001111
0000101001000010000101011111011011000010001000000101001000101100
1010011110101101100110110100100110001101100111100110011011011001
1101010001010010010001111111001111110100011001101000100110001011
0100011100101100000010000001000001001100101100000101010001110100
1001100110010001011101111100010010110011000010100001000101011010
0010011010001110110110010011001011001011011011011101111110111101
0110110001010001011001100000100100110110111000101111100101110010
1110101010101010100110010111011000011100001011011100101000111101
1001110000010111001000001100000010001101000111100010010111000010
0110011010101001111011010010110110110000001110000011111000111101
1001001101001110001100110011001011010101111101111000000011100101
0111100010100101101110000100100000001010001010110100111100100000
1000010101000110100001111111001110111101000100010110011111011011
0010100000111001110101101001110000000000100011111111000000010100
1111111001010011101000010100000111001111110111001100101111101111
1101000000101100100100100011111100010111001010010010011000011010
1011111110010111111001111110001011001011110111100011111101110100
1000010101110000000111110001111100101101011110111110000011101111
0100111010001100010100011110000011111110100001101011110111110101
1011110101111100001110101001110110000000011001011100001000111001
0010001011011011111011011111001001011111110110001111100101111000
1111110000101110111111010001110111101000001001111000101001100011
0101000111001001010010110010001000010011100010001101011110100010
1110011000111001101100001011110101101111011111011000010101111111
0001011010001110111110100001000010011100001101100111101110000000
0011010101111011000010001110111111100111011100011100000011011101
1110000011001111111001000001000011000100101000101011111101100011
0011110100011010100100010000111001110010000110010100100110001000
1100101101000100011100111111001110111110001001101001010101100110
0011110001111101010001000000100000001011110101010110000011000100
0100001110011010110000111011011111100011110010110011111101110001
0101101001000101001001011110101001000011101101001000000010001100
1011000110011000000110010101011111101110000111110011011100011011
0010111111100101110001001110001110110101110110001100110011100011
1111000000011110000110110100111101110000000111110000001000111011
0001011011011001101000001111010010101110101010000011000101010000
0110011101101000000100100100001011010011011001101100111010101110
0000011111110100011001011001010110101100100011010101000101011101
1011101001001010101110001010001011110011010010001110110110111110
1001010110110100100001000101101100101000110011110001001101111011
0011101010111011111110000010110011110101101000111111110110010000
1100010001010000110001010101000000001011100100110110001010001111
1111101110101010111110100010110011111010011001110101100101000100
0011011101011101000000011101010110001001100011101111111000010001
1000000010100110010110000101011011100100001110000010000111111111
1111111001001101001010010010110110100011110101111101101001011110
1011001101110001001111111101001110011100011011000010011010100011
1100010000100110100010110000111110100001011110111101100111011110
0011100111101000011111000011100001111101101111010101011000111000
1100010101000111001011011111010111100010111000101010100010010010
1100001001110011110010010000111000011101000110010111000101100100
0001110011010000111001100101001111000011110000111010101110111011
1010000101111011100110001011111101001110011011000100010001111000
1100111111000011110010111010001110111011100100111011111110001011
1010000010100111001101100101010000100101011101011101010001101110
0000100101101001001110000010101111011010010010100100110100000001
1110101010010110101100011100110010111100111010010011001111110110
1101001101111011011000001011011011000001000001101001100010001011
0011110000000100011011000110111100111110111110110111100001100011
1111001111101011101110111011001000000001011111001100110010001011
1100110100010100110010100100011011111110001110001101001111100100
1010001011101100001001011111000100100111000000101001111100111011
1101100010110110000110101001001011111010101101010010000110000110
0010011001010010111101100011110110001001101011111100101001101001
1001100110110101100011101001010000101011011100000011010100100010
0100010101001011101110110010101011110101110011010010100010110101
1111001111111101011001001100110100010001001110100111001100010000
0100110100110000100111111111001111100010100111001001010101000111
1001011101101000001000000110111001111001001011010011101010111000
0110100110110110111101001001001010110000110110011100110101001000
0001011001011011100110010110000101111011010100111000101010110101
0011000100100110110001011000100100100100111011110111010101010010
1110001110001101000010100111011000111001011100011001111011011101
1110010101110100100100011100110100010011000011100110011100100010
1010001001011011011011100010101010010110001100111001100000111100
0101110011110010111110010001100101110100111111000110010111101011
1000001000010001010010101000001110001010110000111110101110010110
0001101111110010101000001101000001110101010111000100110011111001
1000100101001101010110110001110111101110001100011001001111001100
0111010010111001101001100010011010111001000011010110100101110100
0110101111101110100100000101100101101001110100101101011010110011
1011010000010001001101100011010011100111101010110101100101001011
1100001110100010110000011100111101111000101111111000101111110110
1011011111111000001110100010110011110011010011011111010000001000
1101100100010111100000010100000101001010100000010010101001010101
0010111001101001000000011010111100100101011011001111000010111000
1100100111010111010100001001000011110000100100100010111110110110
0111010011101100101111110110101010111010101011111101011100011001
0100111100000010110100001010011110101111100100100011101011100100
1011101000111101100001110100000011011001110011000101010000110111
0110110001001110111110001011011000100111100000010010100001111010
1100001010101001110000100000110010001010010111000001001110000100
1011101101101110011101011110111111110000101001100110100001111100
1000110010011111100101111001000000001011011100010101001010010101
0011101111110011011110100110101110000001110111100011000101101110
1100110101001101000000010111000101111111101001010100101011001100
1011000000000011111010101000100000010000011111111010111001110111
0101111011101000010001010001011111111011010010101101010011111001
1011001100110011111100111010001010110110110101011010111110010111
0111010010001110100101101100110111011000001000000100000100101101
0100111101110101011001010011001100110000010001111101011100010110
0011100010001100001100111000100000011101000110000000000110111001
0101011001110010110101001100010100101011110101011011111001000001
0000100111010110001010010011000011010101000101000101110010110110
1111101100011101111111101110010111001001111010100110001001001011
1011101011100100100111010001101110010110000000011000010110011100
0100001100011101010000000100010001101101101001001100101101011010
0010101011001111101011111010011100011000010110110111000110101000
1111010110010110011001000111101011001001001101001001110101010001
0010101010101000110000011011010001110010111010000100101000001100
0101111100010111100110010010101110011110000111111001010100010110
1000000011001100011000111101011011110100001001101111010010101101
0101011000110001110111111110100111001010110100010011100000011111
1001100111000011000011100010011101101101001111101101010110111000
1100111100010100111101001101000011111100000100000010001001010110
1111011111001010011110100010111100001010010001111001101110111000
0001001100000100010100011111101111100101100110000010000001101111
1101101010111101101001000000010100000100011001011101110000111010
1011000001010100010110011100101111111010111010100011111110000000
1100000110111001101111100011110010001100100011111100000100010110
1010101000100010010001001000101101111001111000101001111000111101
1111110110010001000100111110000010000101010100000110100111010110
1101101001100110011011110101111000110010000010111010110010101101
0111111010011001111110001110000111100101100000010101100011010110
1001100001100110111100111001010011001001111001101010111100101101
0100111011110001000011000110001110011110001110101010111011010000
1011110000001010111100001000111111001000110001110101101111110101
0010101010110010000011110001011000101111000110011010110110101000
1111000101111001011101101110110011001110111000001101100001000011
1000110100111011000001011001001110101000110111100010111110111100
1011001001011011111101101110110011010010001110011100010010001011
0100000010010110001010010011101011101100011011101001101000111100
1001111001001000010100010100111110010011000100101010110011010111
1100000100010101101101101011000100000101101011000101101010011011
1011010000101110101011010110011001111110010110011011010100101001
0100001101000000100110101101100011001000000100100010101101010100
1011010110111011110011110100100111110111111100111101100010101111
0011101011001100001111001000101101011000011011000110111001011010
0010010100001011110001011110011101100111000101111111100111101101
0100101010010100011011010111010001011000111000001000111010010001
1011011001010011010101111010101010110000001111111101000011101100
0110010101111010101001001001010000000111100000000111111101111011
1111100001000000010010111000111111111111011011111010101100000100
1000000111101110101101000100001100100000100110011111000101101110
0100110000010101000011111100101101001101011001100111011000000001
1011001011101010110000000000011001110000000101010000111001100011
0000110110000100110001111101100001011101101010001100000010111100
0011000101111010111010010011110110100110100100010011101100001001
1001001010100100000101101100000100010001000110110100111011010011
0001100101011010100110010010000011111100101001001000010010101101
0110111100111100001011101101100000101010010010111111100000011010
1100000000111011100100001010101110010100001110010000001111010101
1010101011000100011111010100010100010111110011111011101010110010
0101010010011011100100100001100111110010011000000111000000101000
0011100111100001010111011101110110001101100100100001111111000101
1100011000001111100111100010001010101110110010101000100001101010
1010100101011000011000001110011101000001111111111111111011011100
1100111011000001110101011100001010111100100010010001000100110011
0000001100111110001100001011111101101000111110100111001011101110
1111010001000011100011000001000000010011111101011010011011010101
0001101100101100101100111101110101001111001110100000101100010011
0110010101110111001011100011101110011010011101111111010111111110
1001100110000010000001111101110101111101100010000010100010101111
1101010010111101110100000010101000001010011101110110001010100001
0010101111110110001010000011010011111011110100011101010101010110
1101011111001011010101101110000100110100011001111011101010010101
0010100010100010010010010001100111111010100101100111110000101010
0101010100010001100001001110011111100111011011000101000111000100
1110101000101001001110001000110100001100100100111001101000110110
0000010111011110101010110101110010110001101011000010010101110111
1111100001111011000001100010111101011100010100110001100110110100
1100111110010110011010011101000001111010110010001010110000001110
1011000011011011100111101101101100010111111000110001001110111001
0110001100100110111010110011000111100000010010000011010101100111
1101010000101111010101001110110011011110011111011100100011001000
0011100100011101111000110011001111000000101111000011011100110010
1101011011100001000101001001101010111111000011010110110000001010
0110100001111101100000100110010110000100110101110111101111110001
1000000110001110110101000111001011111011001000111010110000111110
1001111101101010101100111100111100001100011111000001111101010001
1110000111110101010000001011101111001001101001111111001000001111
0010100000100110001011010101010001010100100110001100010111100100
1101011010011111100111000010111110100010111100111111000000110011
1000110000100000011010000010000101111101100011000010001011101101
0111011101100101100111111101110011000011010001111011101010110000
1100100001010011001000110010000101101100100100101100110001110011
0011011000100100010101011001000001110001000010110011100110001110
0100010111101011100110011010101111001100100111101100001001111000
0111111101000101010111001111011000100001011000000011010111010101
0111001010101011100000000110100111111010110001110011101000101010
0010110101100010010111111101011000100011100101100110010111100100
0111000000101111111001000110100100011010011001001001000001011111
0000010111010000011100111101010111100110010110111011011100100111
1111000001111100000111100100101000001110101001000100101001100001
1101011111100011101000000111010111110011000111101101000010101100
0000110100011000010101110001110100101000011000101110101101010100
1111001011100111100000010001001110001001100011011101001010001110
0001100001111010101101001000100011100110111100100110010100010011
1101010010000110010000110111010111111001001000010101011011011110
0010111101101001100100000101101010000010011110101110110011110100
1010000011011110011111100010110100111101000101000110101001001101
0111101100101011100000111111000001111110111011101100010011101011
1100011011001110011111101000111010010110010000011011010101000000
0000110000110011010000010011100111101101101011000001000001111001
1100001111001110101101000100011100100011101000111111001010001000
0011110110110001011000111101100111100011011111001001011101111001
0101011101110110100001000011011001011100011000111111100111011010
1000110110001011011010110110110000110011110110111000010011111101
0111100101110001001011001011001101011110001011100101111111001000
1101000111001110110001011101110001001001100100011010010001111001
0110110100111001100110001000000110100110110111100100000100110010
1000001010001110100101111111011011010110101100001010110010101101
1011001101110100011010100110101000101011011111101101100111010011
0000010110011100101101001100011010010100100010010100011001110000
0110001001100111010111010110100111101011101001110010101010101100
1010100010111001101100011100110000110100010110101100001101100001
0101010001001110111111110010100101011011110011010000000010011101
1110100101001111000010001110011001101110101110100101110101100010
1001110110010001111101110001101110010100010010111100111010100110
1100101111101100100010001010011011100000111101000001101111100001
1011110100001010111100010111000100111101011010001110110001101110
0111001000000101000111111000001110010110010100110101011111000001
1100110011111110001011001111110100111000101011010000110110101000
0111011100111011010110110100011011001111101110111111111110010111
1100010010000000000010001011101100111101000101001011001001000000
0111001000111101101111110111011100000011101000100100100100011101
1010100111001111011000111101010000011100010011001010000011100000
0100111100111001000100011010011110100000111000110101111111010101
0001001100000110111111000100000010010101000100001101100000101000
1110110101000111000001110011011010111111110011101000011101010111
0000100000110001010010101110100101010000010110100110110011100000
1110111110010010111111010000010010101111111111010101111101000011
0111001111100101000000111101110011101000101001101110000010001100
1000100000110010110101000001001001001010110011100001110101010001
1111011000010100001001111100110111111111001110010110111110000111
1010100111000001000111100001101001010101111000101111000001101100
0011011001100100111000100100011011101111001100010100101110000011
0110100010010111000001000111110000010111111011101011100011101110
1011011111100001001101011000001101100001101011001100011000000001
1100100000101110110010010110110100111000010100111100110100111001
0111011111000011100100001101001001010111111101000110000000001000
1010101011010110011000110010011110111110001000010101111001110111
0111011100101001000101000011000100001101101011001000010010011001
1010001101110010101010101100100001100010101000110101111100100111
0001110101100101000100011001010010001101011010001001000001101000
1111010001000100111011110110111100110010100110111010101011011101
0001100000101001011001001101000011001111001111001000010000100100
1110011000010101110111010100111100011001110010100101110110011000
0011100010011010000100001011110000110010011111011000010011100101
1111010100000110111001110111010100001111100001001111101100101110
0110101011001001000001100001101100110101011110110010011111011100
1010010110110100100010010100110011010101001001001111100101100010
1111100001011010101100000111001000100010110111011000000010010110
1000100010100111010001101110010101011001001100101110110000100000
1100011111111000111110000000101101101110110001000010101011001010
1110110000111111001001111111100100111001111110110001110100111100
0011101101010000110000001011011001000010100011100010100001100001
1101010001001111101011110100100010100010010010010111011000010010
0111111111110100010000011001000110111101011101101010010011101000
1010000101000010101101000110110000100010110100111000111111110111
0001011101110000000011011000000101011101101011100100011000001001
0101100010101111101111001110111011100010111110010011001100010010
1001111101010100111110101101001101011101000000101010111111101010
1010010010110010101011010010010100101010111110000101011110000100
0101010101001111011001000101101011010000100110111000100101001101
1010000000010000000110110001010111101111000000100110000011000110
1001110110101011101011100111000000010010100011011000101100000001
0110101011010001110111001010011011001110001000100110110000011110
1111100100101101001010001101100001010001010011010100001011100111
0110010001010010110100110101011101101110001011001001000000111010
1101001010111100101111000110000010011101011010010111100110000101
0011100100010000011000111111011110100111100101011110011001010011
1111101101001101000111100000100101011100011010001110111110100000
0001110111100010110011011111111001000111110100100010100000010111
1110000100011110000010010101100110101000011001111101111100110000
0110110110100001111010111110011011010110000110000111100010100110
1110001001011100000100011110000110111101111011111100111110110001
0000110110110011101100010000110010001010010100011010110001101100
0100001011101100011111101011001110110101000011011111000110000100
1110110111110011100100110100010001001001011110000101101100001111
0011001101010101001011011010100111110010100001010000000101011001
1000110111001010111100100001101110001011010000101101011000000000
0100011000101101000100010111010011111100101101111000100001101001
0111101110010010011011011100100110000111111010001100101100011111
0000101001100101000110100010011111101000100001011011100011011100
1001000101011000100001001101100000011111000111101100110000010000
0011100010101100010100011001111001000100111000010111000011101111
1100001111110011000111110110001000011001001111001100001010000001
1011011110000000001000111001010100110010110100110001110100011111
0111100001110011101011000001001000011110001111001100001001101100
1101100010000100010101011100010110100000000100010001110111100011
0011010101001000001010111100011001011011110011101010111000001110
1100110010110110100111101011001000110000111000010101001001011001
0011110101011001110011011110110101111110101101101110110111000010
1110011000111110001011100011010011000101110000110000101010111000
1001111111111001110100010011110011110010001011000011011111000111
0101010000000110111011110010101100001001101100111111001101111011
1110010110111100101100000101011011001111011001100000110010001111
0001001000000010010111000111010100100100110111001011100101111001
0000010110010100100000111101101011000100100001010101011010000110
1110100101111011101111010100010100101011100111100010110001100111
0101110010011010000000101110101000110110011100101001110110011000
1111011101101001101010010001100001001001100101110110101100000100
0100000001010010010101011110111111101010101011011100011011111101
1011111001001101001011100111000011001001110100110001101110011000
0011000110111100101100000001111110010110011001101100010011010110
1100001001100001110001011110100000011000011000011011101000101111
0010110110001111111110010101101111100011000100111101010001010101
1101001100100110101001100110011000111100001011000000000101100111
0011010011011101110111011001001100100010010000100111101100001101
1001110111101010001010010110011010001111101111100001010010110000
0111010100010001111000100000010101100000111001110010100100001111
1000100011000111001111011100110011111111010110000110100011100101
0011110001111110000001100011101100110000101011001001000111001010
1100001100100000101010011100010111100110111101101011100110100101
1011110001011100010000100011011110101001000100001100111011110110
0110001100101000101111001100111001101100100010011011001110100001
1001100010110000011000101010001110100001001000111100010001011100
1101100111000111110110001101111101001111110111010010011100100011
0100010000110110101111100011101011110100010000000101110011011110
0011100101001001100100011100011011101011011001111010101000010010
1110001010010111011001010000010100010100111011001101101111101011
1001100010101010000000101100111011101011010010110000010010110011
0101001111110111111100001001001100000100111111100111111001011101
1110010001100000100000010110011111110111100100001000010111101000
1011110010111111011011101010110001011100001001110110100010000001
0101001111000000100100111010111010110111100110011110111111101100
1101100110101111010000110101000111011000011001011011000001011001
0000001001011010101010100010111000110100000101010110101101000110
1101110111001101011001111001101101000000101110000001010110110000
0010111000001010101100011110000011011010010001011110000101010101
1101001111110101001011000011111010000011101101111000001110100111
0010010000000001000100111111110111111000101010100110000011111000
0011101110001101100111001111001000101111000100011001111100001110
1000100101110111010000010100010101010001110011100100110100111000
0110111010110001010111101111111110101010011111011010100011000100
1001000101100100101011010110000010110101100001010101100111010111
1010111111011011010010001001010101001011010000100110001010100111
1100011101100001101001110111111010011100100010011100110100111100
0001000100001100000101001010010111000010011001100000010011001010
1100011010001111111000111101111011111100100110010101011101100011
1010111101110000010101000010011101011000010100101010001010000000
0001010110101110001110110101000110000111001111111100110000111000
1110000101101011100111111011011001010000110101111011001111000111
1001111110011100010011110001100100101101101010001110010101011011
1010000110100011000001000100001011001111101101110001101010101000
1101011001101011101011110011110100110101101010000100010101010000
0011010010010100111100000101101110001000011011111000100110100110
1100101111001010100101111000011111111001100110010110101011011010
1010010010100001011100110111000001100000001010101000010010100100
0111001000011111100010001000100111011100001111111011001101010010
1010010110000010001101111101110010010110100010000000011010101111
1101110101111001110010111001011001110011010101110111100011000010
0010100011010010101101111000110101111010111010011000011100011101
1101011110000100000010100101010010110001101001100010111001100110
1010100000111011001010011011101101011011111110101001011010111101
1001011011000001110100110110010001110010011011000111100110000110
1010101110001111001111001001000111001101101000101101001000110010
0000110010010000101101111100010001011110010110010010010011001101
1111001000101100011010000101011000101011101011101101011011100011
1001100101010011101000101111001110010110110110001010001100011000
1100011111001100010001111010111111101011001010101101010001000111
1001101010110011101110001101000101000001000111010000101011000101
1100001101001110001000000010111000010100111001111011010101110100
0011110000110001110101110110100111011101010011101000011101001011
0000001111111010001010000000011110000100111010000001101010111101
0101100000100011010001111011101100101001010101100111010011000110
1111010111011111010110010100000001010011001100001100111101111101
1010000110101100100101101011001110100110111011010111000110011110
0000110101010001111010010100110011000011010000001100010101010100
0111001000011000001011110010100100101100100111110001011010100001
1010111101101111100000001001111000011011010100001001001101110100
1100111010000100011011010100000111000100101000000000011010011010
1000000100101111111001111111011010101011011001100111100101000101
1111011011101010001000010000101111100110100010011010001110100010
0100000100011100111110100011111110110000011101101110010101010101
0100111001001000000001101100000010101101111010000001001000101110
1110001111100111110101100110110111011010000100001110110111100000
1001010110011101001000110001010000110101011001111100001000000010
0110100111010101010111100010101011001001100111101010010111110101
1101110100001110100110111101010110100111001100011001011001001110
1111001011110000011000001000001100110010011011110010001110111101
0001010100000100100101111001110010101011001000010001011001000010
0100101111011011000010100111001100100001010110101101100101111000
0011011010101100110111111011111011000100111001011101011000110111
1110100001011001011101101000100111111011000010111011000110101001
0010111110001110100010110110111011000000100100010110110001100011
1011000010110001001001111111010001101111011011111011001100000111
1100111101100111010110111001100101110000101100100111010111111101
0001100110011100110000000110111000011111001110001001011101000000
0110000001100111101111111110110011111110011000110110101110111011
1010110000011000010010010000010000000011001010001010111101000100