1111011110001000
0000100001110111
1111011110001000
0000100001110111
1111011110001000
0000100001110111
1111011110001000
0000100001110111
1111011110001000
0000100001110111
1111011110001000
0000100001110111
1111011110001000
0000100001110111
1111011110001000
0000100001110111
1111011110001000
0000100001110111
1111011110001000
0000100001110111
1111011110001000
0000100001110111
1111011110001000
0000100001110111
1111011110001000
0000100001110111
1111011110001000
0000100001110111
1111011110001000
0000100001110111
1111011110001000
0000100001110111
1111011110001000
0000100001110111
1111011110001000
0000100001110111
1111011110001000
0000100001110111
1111011110001000
0000100001110111
1111011110001000
0000100001110111
1111011110001000
0000100001110111
1111011110001000
0000100001110111
1111011110001000
0000100001110111
1111011110001000
0000100001110111
1111011110001000
0000100001110111
1111011110001000
0000100001110111
1111011110001000
0000100001110111
1111011110001000
0000100001110111
1111011110001000
0000100001110111
1111011110001000
0000100001110111
1111011110001000
0000100001110111
1111011110001000
0000100001110111
1111011110001000
0000110001110111
1111011110001000
0000101001110111
1111010110000000
0000100001111111
1111011110000100
0010100001111011
1101001110000100
0010110101111011
1101001110000100
0000110001111011
1111001110000000
1000110001111111
0111001111000000
1000100000111111
0111111111000000
1000001000111111
0110110111000000
1001001000110111
0110110111001100
1001001000110001
1110110111001110
0101001000110001
1010110111001100
0101001000110111
1010100111001000
0001011000110111
1110100110001000
0001011001111111
1110101110000000
0101010001111111
1010101111000000
0101010100111111