0000010111111000101011011110010001100110101101111001011011011111
0000010111111000101011011110010000100110101101111001011011011111
0000010111111000101010011110010000100110101101111001011011011111
0000010111111000101010011110010000100110101111111001011011011111
0000010111111000101010011110010010100110101111111001011011011111
0000010111111000101010011110010000100110101111111001011011011111
0000010111111000101010011110010000100110101111111001011011011110
0000010111111001101010011110010000100110101111111001011011011110
0000010111111001101010011110010000100110101111111001011011011100
0000010111111001101110011110010000100110101111111001011011011100
0000010111111001100110011110010000100110101111111001011011011100
0000010111111001110110011110010000100110101111111001011011011100
0000000111111001110110011110010000100110101111111001011011011100
0000000111111001110110011110010000100110101111111001011011111100
1000000111111001110110011110010000100110101111111001011011111100
1000000111111001110110011110010000100110001111111001011011111100
1000000111111001111110011110010000100110001111111001011011111100
1000000111111001111111011110010000100110001111111001011011111100
1000000111110001111111011110010000100110001111111001011011111100
1000000111110001111111011110011000100110001111111001011011111100
1000000111110001111111011110011000100110001111110001011011111100
1000000111110001111111011110111000100110001111110001011011111100
1000000111110001111111011110111001100110001111110001011011111100
1000000111110001111111011110111001100110001111110001111011111100
1000010111110001111111011110111001100110001111110001111011111100
1000010110110001111111011110111001100110001111110001111011111100
1000010110110001011111011110111001100110001111110001111011111100
1000010110110001011111011110111001100110001111100001111011111100
1000010110110001011111011110111001100110001111100001111010111100
1000010110110001011111011110111001100110001111100001111010101100
1000010110110001011111011110111001100110001111100001011010101100
1000010110110001011111011110111001100110001111101001011010101100
1000010110110001011111011010111001100110001111101001011010101100
1000010110100001011111011010111001100110001111101001011010101100
1000010110100101011111011010111001100110001111101001011010101100
1000010110100101011111011010101001100110001111101001011010101100
1000010110100101011111011010101001100110001111101001011010101110
1000010110100101011111010010101001100110001111101001011010101110
1000010110101101011111010010101001100110001111101001011010101110
1000010110101101011111010010101001100110001110101001011010101110
1000110110101101011111010010101001100110001110101001011010101110
1000110110101101011111010010101001100110001110101001011010101100
1000110110101101011111010010101001100110001110111001011010101100
1000110110101101011111010010101000100110001110111001011010101100
1000110110101101011111010010101000100111001110111001011010101100
1000110110101101011111010010001000100111001110111001011010101100
1000110010101101011111010010001000100111001110111001011010101100
1000110010101101011111010010001000100011001110111001011010101100
1000111010101101011111010010001000100011001110111001011010101100
1000111010101101111111010010001000100011001110111001011010101100
1000111010101101101111010010001000100011001110111001011010101100
1000111010101111101111010010001000100011001110111001011010101100
1000111010101111101111010110001000100011001110111001011010101100
1000111010101111101111010111001000100011001110111001011010101100
1000111010101111101111010111001000100011001110111000011010101100
1000111010101111101111010111000000100011001110111000011010101100
1000111000101111101111010111000000100011001110111000011010101100
1000111000101111101111010011000000100011001110111000011010101100
1000111000101111101111010011000000100011001110111000001010101100
1000111000101111101111010011000000100011001110011000001010101100
1000111000101111101111010011000000100011001110111000001010101100
1000111000101111101111010011100000100011001110111000001010101100
1000111000101111101111010011100000100011001110111100001010101100
1000111000101111100111010011100000100011001110111100001010101100
1000111000101111110111010011100000100011001110111100001010101100
1000111000101111110111010011110000100011001110111100001010101100
1000111000101111110111010011110000100011001110111100001011101100
1001111000101111110111010011110000100011001110111100001011101100
1001111000101111110111010001110000100011001110111100001011101100
1001111000001111110111010001110000100011001110111100001011101100
1001111000001111110011010001110000100011001110111100001011101100
1001111000001111110011010001110000100011001110111100001011101000
1001111000001111110011010001110000100011001110111100001011111000
1001111000001111110011010001110000100011001110101100001011111000
1001111000001111110011011001110000100011001110101100001011111000
1001111000001111110011011001110000100011001110100100001011111000
1000111000001111110011011001110000100011001110100100001011111000
1000111000001111110011011001110000100011001110100100011011111000
1000111000001111110011011101110000100011001110100100011011111000
1000111000001111110111011101110000100011001110100100011011111000
1000111000001101110111011101110000100011001110100100011011111000
1000111000001101111111011101110000100011001110100100011011111000
1000111000001101111111011101110100100011001110100100011011111000
1000111000001100111111011101110100100011001110100100011011111000
1000111000001100111111011101110100100011001110100100011011110000
1100111000001100111111011101110100100011001110100100011011110000
1100111000001100111111011101110100100011001111100100011011110000
1100111000000100111111011101110100100011001111100100011011110000
1100111000000100111111011101110100100011001111100100011011110010
1100111000000100111111011101110100100011011111100100011011110010
1100111000000100111111111101110100100011011111100100011011110010
1100111000000100111111111101110100100011011111101100011011110010
1100111000000100111111111101110100100011011110101100011011110010
1100111000000100111111111101110100100011011100101100011011110010
1100111000000100111111111101110100100010011100101100011011110010
1100111000000100111111111101110100100010011100101100011011100010
1100111000000100111111111101110100100010011100111100011011100010
1100111000000100111110111101110100100010011100111100011011100010
1100111000000100111110111101110110100010011100111100011011100010
1100111000000100111110110101110110100010011100111100011011100010
1100111000000000111110110101110110100010011100111100011011100010
1100111000000000111110110101110110100010011100111000011011100010
1100111000000000111110110101110110100010011100111000011111100010
1100111001000000111110110101110110100010011100111000011111100010
1100111001000000111110110101110110100010011100011000011111100010
1100111001000000111110110101110110100000011100011000011111100010
1100111001000000111110110101110110100000011100011000011111100110
1100101001000000111110110101110110100000011100011000011111100110
1100101001000000111110110101110110100000011100011010011111100110
0100101001000000111110110101110110100000011100011010011111100110
0100101001000000111110110101110110100000011100011010011110100110
0100101001000000101110110101110110100000011100011010011110100110
0100111001000000101110110101110110100000011100011010011110100110
0100111001000001101110110101110110100000011100011010011110100110
0100111001001001101110110101110110100000011100011010011110100110
0100111001001001101110110101110110100000011110011010011110100110
0100111001001001101110110101110110100000011110011010011110000110
0100111001001001101110110101110110100000011110011000011110000110
0100111001001001101110110101110110100000011110011001011110000110
0100111001001001101110110101110110110000011110011001011110000110
0100111001001001101110110101110110110000011110011001011110000100
0100111001001001101110110101110110110000011010011001011110000100
0100111001001001101110110101110110110000011010011101011110000100
0100111001000001101110110101110110110000011010011101011110000100
0100111001000001101110110101100110110000011010011101011110000100
0100111001000001101110110101100110110000010010011101011110000100
0100111001000001101110110101100110110000010010011111011110000100
0100111001000001101110110101100110110000011010011111011110000100
0100111001000001101110110101100110110000011010011111011110100100
0100111001000001100110110101100110110000011010011111011110100100
0101111001000001100110110101100110110000011010011111011110100100
0001111001000001100110110101100110110000011010011111011110100100
0001111001000001100110110101000110110000011010011111011110100100
0001111001000001100110110101000010110000011010011111011110100100
0001111101000001100110110101000010110000011010011111011110100100
0001111101000001100110100101000010110000011010011111011110100100
0001111101000001100110100101000010110000011010011111011110101100
0001111101010001100110100101000010110000011010011111011110101100
0001111101010001100110100101000010110000011010011111011110111100
0001111101010001100110100101000010110000011010011111001110111100
0001111101010001100100100101000010110000011010011111001110111100
0001111100010001100100100101000010110000011010011111001110111100
0001111100010001100101100101000010110000011010011111001110111100
0001111100010001100101100101000010110000011010011111001110111110
0001111100010001100001100101000010110000011010011111001110111110
0001111100010001100001100101000010110000011010011111001111111110
0001111100010001100001100101000010110000011010011111000111111110
0001111100000001100001100101000010110000011010011111000111111110
0001111100000001100001100101000010010000011010011111000111111110
0001111100000001100001100101001010010000011010011111000111111110
0001111100000101100001100101001010010000011010011111000111111110
0001111100000101100001100111001010010000011010011111000111111110
0001111100000101100001101111001010010000011010011111000111111110
0000111100000101100001101111001010010000011010011111000111111110
0000111100000101100001101111001010010100011010011111000111111110
0000111100000101100000101111001010010100011010011111000111111110
0000111100000101100000101111001010010100011010011111000111101110
0000111100000111100000101111001010010100011010011111000111101110
0000111100000111100000101011001010010100011010011111000111101110
0000111100000111100000101011001000010100011010011111000111101110
0000111100000111100000101011001100010100011010011111000111101110
0000111100100111100000101011001100010100011010011111000111101110
0000111100100111100000101011001100010100010010011111000111101110
0000111100100111100000101011001100010100010110011111000111101110
0000111100100111100000101001001100010100010110011111000111101110
0000111100100111100000101001001100010100010110011111100111101110
0000111100100111100100101001001100010100010110011111100111101110
0000111100100111100100101101001100010100010110011111100111101110
0000111100100111100100101101001110010100010110011111100111101110
0000011100100111100100101101001110010100010110011111100111101110
0000011100100111100100001101001110010100010110011111100111101110
0010011100100111100100001101001110010100010110011111100111101110
0010011100100111100100001101001110010100010110001111100111101110
0010011100100111100100001101001111010100010110001111100111101110
0010011100100111100100001101001111010100010110001111100111001110
0010011100100111000100001101001111010100010110001111100111001110
0010011100100111000101001101001111010100010110001111100111001110
0010011100100111000101001101001111010100010110001111100011001110
0010011100100111000101001101001101010100010110001111100011001110
0010011100100111000101001001001101010100010110001111100011001110
0010011100100111000101001001001101010100011110001111100011001110
0010011100100111000101001001001101010100011110001111100001001110
0010011100100111000101001001001101010100011110001111100001000110
0010011100100111000101001001001111010100011110001111100001000110
0010011100100111000101001001001111010100011110001111100001100110
0010011100100111000101001001001111010100011100001111100001100110
0010011100100111000101001001001111010100011100000111100001100110
0110011100100111000101001001001111010100011100000111100001100110
0110011100100111000101001001001101010100011100000111100001100110
0110011100100111000101001001001101010100011100010111100001100110
0110011110100111000101001001001101010100011100010111100001100110
0110011110000111000101001001001101010100011100010111100001100110
0110011110000111000101001001001101010100011100010111100001100100
0110011110000111000101001001001101010100111100010111100001100100
0110011110000111000101001001001101010100111100110111100001100100
0110011111000111000101001001001101010100111100110111100001100100
0110011111000111000100001001001101010100111100110111100001100100
0110011111000111000100001001001101010100111100110111100000100100
0110011111000111000100001001001101000100111100110111100000100100
0110011111000111000100000001001101000100111100110111100000100100
0110011111000111000110000001001101000100111100110111100000100100
0110001111000111000110000001001101000100111100110111100000100100
0110001111000111000110000001001101000101111100110111100000100100
0110001111000111000110000001001101000101111100010111100000100100
0110001111000111000110000001001101000101111101010111100000100100
0110001111000111000110000001001101000101111101010110100000100100
0110001111000111000110001001001101000101111101010110100000100100
0110001111000111000110001001001101000101111111010110100000100100
0110001111000111000110001001001101000101111110010110100000100100
0110001101000111000110001001001101000101111110010110100000100100
0110001001000111000110001001001101000101111110010110100000100100
0110001001000111000110001001001101000101111110010010100000100100
0010001001000111000110001001001101000101111110010010100000100100
0010001001000111000110001001101101000101111110010010100000100100
0010001001000111000110001001101101000100111110010010100000100100
0010001001000111000100001001101101000100111110010010100000100100
0010001001000111000100001001101001000100111110010010100000100100
0110001001000111000100001001101001000100111110010010100000100100
0110001001000111000110001001101001000100111110010010100000100100
0110001001000111000110001001101001000100111110010010110000100100
0110001001000111000110001001001001000100111110010010110000100100
0110001001000111000110001001001001001100111110010010110000100100
0110001001000111010110001001001001001100111110010010110000100100
0110001001000111010110001001001001001000111110010010110000100100
0110001001000111110110001001001001001000111110010010110000100100
0110001001000111110111001001001001001000111110010010110000100100
0111001001000111110111001001001001001000111110010010110000100100
0111001001000111110111001001001001001000111110010010110000110100
0111001001000111110111001001001001101000111110010010110000110100
0111001001000111110111001001001001101000111110011010110000110100
0111001001000111110111001001001001101000111110011000110000110100
0111001001000111110111001001001001101000111110011010110000110100
0011001001000111110111001001001001101000111110011010110000110100
0011001001000111110111001001001001101000111010011010110000110100
0011011001000111110111001001001001101000111010011010110000110100
0011011001000111110111001101001001101000111010011010110000110100
0011011001000111100111001101001001101000111010011010110000110100
0011011001000111100111001101011001101000111010011010110000110100
0011011001000111000111001101011001101000111010011010110000110100
0011011001000111000111001101011001101010111010011010110000110100
0011011001000111000111001101011001101010111010111010110000110100
0011011001000111000111001101011001101010111010111110110000110100
0010011001000111000111001101011001101010111010111110110000110100
0010010001000111000111001101011001101010111010111110110000110100
0010010001000111000111001101011001101010111010111110110000110101
0010010001000111100111001101011001101010111010111110110000110101
0010010001000111100111001101011001101010111010111110110000110111
0010010001000111100111001101011001101110111010111110110000110111
0010010001000111100111001101011001101110110010111110110000110111
0010010001000111100111001101011001101110110010111110110001110111
0010010001000111100111001101011101101110110010111110110001110111
0010010001000111100111001101011111101110110010111110110001110111
0010010001000111100111001101001111101110110010111110110001110111
0010010001000111101111001101001111101110110010111110110001110111
0010010001000111101111001101001111101110110010110110110001110111
0010010001000111101101001101001111101110110010110110110001110111
0010010001000111101101011101001111101110110010110110110001110111
0010010001000111101101011101101111101110110010110110110001110111
0010010001010111101101011101101111101110110010110110110001110111
0010010001010111101101011101101111101111110010110110110001110111
0010110001010111101101011101101111101111110010110110110001110111
0010110001010111101101010101101111101111110010110110110001110111
0010110001010111101101010101101111101111110110110110110001110111
0010110001010111101101010101101111101111110110100110110001110111
0010110001010111101101010101101111101111110110101110110001110111
0010110001010111101001010101101111101111110110101110110001110111
0010110001010111101001010101101111101111111110101110110001110111
0010110011010111101001010101101111101111111110101110110001110111
0010010011010111101001010101101111101111111110101110110001110111
0010010011010111101001010101101111101111111110101110110001010111
0010010011010111101001010101101111101111111100101110110001010111
0010010011010111101001010101101011101111111100101110110001010111
0010010011010111101001010101101011101111111100101110110001010110
0010010011010111101001010101101011101111111100101110110001000110
0010010011010111101001010101101011101111111100101110110000000110
0010010011010111001001010101101011101111111100101110110000000110
0010010011010011001001010101101011101111111100101110110000000110
0010010011010011001001010101111011101111111100101110110000000110
0010010011010011001001010101111011101011111100101110110000000110
0000010011010011001001010101111011101011111100101110110000000110
0000010011010011001001010101111011101011111100101110110001000110
0000010011010011001001010101111011101011111100101010110001000110
0000010011010011001001010001111011101011111100101010110001000110
0000110011010011001001010001111011101011111100101010110001000110
0010110011010011001001010001111011101011111100101010110001000110
0010110011000011001001010001111011101011111100101010110001000110
0010110111000011001001010001111011101011111100101010110001000110
0010110111000011001001010001111011101011111100101110110001000110
0110110111000011001001010001111011101011111100101110110001000110
0110110111010011001001010001111011101011111100101110110001000110
0110110111010011001001010001111010101011111100101110110001000110
0110110111010011001001010001111010101010111100101110110001000110
0110110111010011001001110001111010101010111100101110110001000110
0110110111010011001001110001111010101010111100101100110001000110
0110110111010011001001100001111010101010111100101100110001000110
0110110111010011001001100001111010101010111100101100110101000110
0110110111010011001000100001111010101010111100101100110101000110
0110110111000011001000100001111010101010111100101100110101000110
0110110111000011001000100001111010100010111100101100110101000110
0110110111000011001000100001111010100010111100101100110111000110
0110110111000011001000100001111010100010101100101100110111000110
0110110111000011001000100001111010100010101100101110110111000110
0110110111000011001000100001111010100010101100101110100111000110
0110110111000011001000100001101010100010101100101110100111000110
0110110111000011001000100001101010100010101100101110100111000100
0110110111000011001000000001101010100010101100101110100111000100
0110110111000011001000000001101010100010111100101110100111000100
0110110111000011001000000001101010100000111100101110100111000100
0110110111000011001000000001101010100000111110101110100111000100
0110110111000011001000000001101010100000111110101110101111000100
0110110111000011001000000000101010100000111110101110101111000100
0110110111000011001000000000101010100000111110101110001111000100
0110110111000011011000000000101010100000111110101110001111000100
0110110111000011011000000000101010100000111110101110001101000100
0110110111000011011000000000101010100000101110101110001101000100
0110010111000011011000000000101010100000101110101110001101000100
0110010111000011011000000000101000100000101110101110001101000100
0110010111000011011000000010101000100000101110101110001101000100
0110010111000011011000100010101000100000101110101110001101000100
0110010111000011011000100010101000100000101110111110001101000100
0110010111000011010000100010101000100000101110111110001101000100
0110010111000011010000100010101000100000101110111110101101000100
0110010111000011010000100010101000100000101110011110101101000100
0110010111000011010000100010101000100000101110011110001101000100
0110010111000011010000100010111000100000101110011110001101000100
0110010111000011010000101010111000100000101110011110001101000100
0100010111000011010000101010111000100000101110011110001101000100
0100010111000011010000101010111000100000101110011110001101000101
0100010111000011010000101010111000100000101110011111001101000101
0100010111000011010000101000111000100000101110011111001101000101
0100010111000011010000101000111000100000101110011111001101000111
0100010111000011010000100000111000100000101110011111001101000111
0100010111000011010000100010111000100000101110011111001101000111
0100010111100011010000100010111000100000101110011111001101000111
0100010111100011010000100010111000100000101110011111001111000111
0100011111100011010000100010111000100000101110011111001111000111
0100011111100011010000100010111000100000101110011111001111001111
0100011101100011010000100010111000100000101110011111001111001111
0100011101100011010000100010111000100000100110011111001111001111
0100011101100011010000100010111000100000100110011111000111001111
0100011101100011010000100010011000100000100110011111000111001111
0100011101100001010000100010011000100000100110011111000111001111
0100011101100001010000100110011000100000100110011111000111001111
0100011101100001010000100110011000100000100110011111000111000111
0100011101100001010100100110011000100000100110011111000111000111
0100011101100001010100100100011000100000100110011111000111000111
0100011101100001010100100100011000100000100110011111000111100111
0000011101100001010100100100011000100000100110011111000111100111
1000011101100001010100100100011000100000100110011111000111100111
1000011101100001010100100100011000100000110110011111000111100111
1000011101100001010100100100011000100000110110011110000111100111
1000011101000001010100100100011000100000110110011110000111100111
1000011101000001010100100100011000100001110110011110000111100111
1000011101000001010100100101011000100001110110011110000111100111
1000011101000001010100100101010000100001110110011110000111100111
1000011101000001010100100101010000100000110110011110000111100111
1000011101000001010100100101010000100000111110011110000111100111
0000011101000001010100100101010000100000111110011110000111100111
0000011101000001010100100101010000100000111110011110000111100101
0000011101000001010100100101010000100000111110011110001111100101
0000011101000001010100100101010010100000111110011110001111100101
0000011101000001010100100101010010100100111110011110001111100101
0000011101000001010100100101010010100100111110011110001111110101
0000011101000001010100100101010010100100111100011110001111110101
0000011101010001010100100101010010100100111100011110001111110101
0000011101010001010100100101010010100100011100011110001111110101
0000011101010001010100100100010010100100011100011110001111110101
0000011101010001010100100100010010100100011110011110001111110101
0000011111010001010100100100010010100100011110011110001111110101
0000011111010001010100100100010010100100011010011110001111110101
0000011111010000010100100100010010100100011010011110001111110101
0000011111010000010100100000010010100100011010011110001111110101
0000011111010000010100100010010010100100011010011110001111110101
0000011111010000010100100010010010100100011110011110001111110101
0000011111010000010100100010010010100100011110011110000111110101
0000011111010000010100100010010010100000011110011110000111110101
0000011101010000010100100010010010100000011110011110000111110101
0000011101010000010100100010010010100000011110011110010111110101
1000011101010000010100100010010010100000011110011110010111110101
1000011101010000010100100010010010100000011111011110010111110101
1000111101010000010100100010010010100000011111011110010111110101
1000111101010000011100100010010010100000011111011110010111110101
1000111101010000011100100010010010100000010111011110010111110101
1000111101010000011100100010010010100000010111011110011111110101
1000111101010000011100110010010010100000010111011110011111110101
1000111101010000011100100010010010100000010111011110011111110101
1000111101010000011100100010010010100000010111011100011111110101
1000111101010000010100100010010010100000010111011100011111110101
1000111101010000010100100010010010100000010111001100011111110101
1000111101010000010100100010010010100000010111001100011111010101
1010111101010000010100100010010010100000010111001100011111010101
1010111101010000010101100010010010100000010111001100011111010101
1010111101010000010101110010010010100000010111001100011111010101
1010111101010000011101110010010010100000010111001100011111010101
1011111101010000011101110010010010100000010111001100011111010101
1011111101010000011101110010010010100000110111001100011111010101
1011111100010000011101110010010010100000110111001100011111010101
1011110100010000011101110010010010100000110111001100011111010101
1011110100010000011101110110010010100000110111001100011111010101
1011110100000000011101110110010010100000110111001100011111010101
0011110100000000011101110110010010100000110111001100011111010101
0011110000000000011101110110010010100000110111001100011111010101
0011110000000000011101110110010010100000010111001100011111010101
0011110000000000011101110110010010100000110111001100011111010101
0011110000000010011101110110010010100000110111001100011111010101
0011110000000010011101110110010010100000110111101100011111010101
0111110000000010011101110110010010100000110111101100011111010101
0111110000000010011101110110010010100000110111100100011111010101
0111110000000010011101110110010010100000110111100100011111000101
0111111000000010011101110110010010100000110111100100011111000101
0111111000000010011101110110010010100000110011100100011111000101
0111111000000010011101110110010010100000110001100100011111000101
0111111000000010011111110110010010100000110001100100011111000101
0111111000000010011111100110010010100000110001100100011111000101
0111111000000010011111100110010010101000110001100100011111000101
1111111000000010011111100110010010101000110001100100011111000101
1111111000000010011111100110000010101000110001100100011111000101
1111111000000010011111100010000010101000110001100100011111000101
1111111000000010011111100010000010101000110001101100011111000101
1111111000000010011111100000000010101000110001101100011111000101
1111111000000010011111100000000010101000110001100100011111000101
1111111000000010011111100000000010101100110001100100011111000101
1111111000000010011110100000000010101100110001100100011111000101
1011111000000010011110100000000010101100110001100100011111000101
1011111100000010011110100000000010101100110001100100011111000101
1011111100000110011110100000000010101100110001100100011111000101
1011111100000110011110100000000010101000110001100100011111000101
1011111100000110011110100000000010101001110001100100011111000101
1011111100000110011110100000000010101001110000100100011111000101
1011111100000110011110100000000010101001110000101100011111000101
1011111100000110011110100000000010001001110000101100011111000101
1011111100000110011110100000000010001001010000101100011111000101
1011111100100110011110100000000010001001010000101100011111000101
1011111100100110011110100000000010000001010000101100011111000101
1011111100100110011110100000000010000001000000101100011111000101
1011111100100110011110100000000000000001000000101100011111000101
1011111100100110011110110000000000000001000000101100011111000101
1011011100100110011110110000000000000001000000101100011111000101
1011011100100110011110110000000000000001001000101100011111000101
1011011100100110011110110000000000000001001000101101011111000101
1011011100100110011110110000000100000001001000101101011111000101
1011011100100110011110110000000100000001001000101101011111001101
1011011100100110011110110000000100000011001000101101011111001101
1011011100100110011110110000000100000011001000101101011110001101
1011011100100110011110110000000100000111001000101101011110001101
1011011110100110011110110000000100000111001000101101011110001101
1011011110110110011110110000000100000111001000101101011110001101
1011011110110110011110110000000100000111001000101001011110001101
1011011110110110011110110000000100000111001000101001001110001101
1011011110110110011110110000000100000111001000101001000110001101
1011011110110110011110110000000110000111001000101001000110001101
1011011110110110011110110000000110000111001000111001000110001101
1011011110110110011110110000000110000011001000111001000110001101
1011011110010110011110110000000110000011001000111001000110001101
1011011110010110011110100000000110000011001000111001000110001101
1011011110010110011110100000000110000011001000111001000110001001
1011011110010110011110100000000110000011001000111001010110001001
1001011110010110011110100000000110000011001000111001010110001001
1001011110010110011110100000000110000011001000111001010111001001
1001011110010110011110100000000110000011001000111000010111001001
1001011110010110011110100000000110000011001000111000010111001011
1001011110110110011110100000000110000011001000111000010111001011
1001011110110110011110100000000110100011001000111000010111001011
1001011110110110011110100010000110100011001000111000010111001011
1001011110110110011110100010000110100011001000111001010111001011
1001011110110110011110100010000110100011001000111001010111000011
1001011110110110011110100010000110100011001100111001010111000011
1001011110110110011110100010000010100011001100111001010111000011
1001011110110110010110100010000010100011001100111001010111000011
1001011110110100010110100010000010100011001100111001010111000011
1001111110110100010110100010000010100011001100111001010111000011
1001111110110100010110100010000010100011001100111000010111000011
0001111110110100010110100010000010100011001100111000010111000011
0001101110110100010110100010000010100011001100111000010111000011
0001101110110100010110100010000010100011001100111100010111000011
0001101110110100010110100110000010100011001100111100010111000011
0001101110110100010110100110000011100011001100111100010111000011
0001101110110100010110100110100011100011001100111100010111000011
0001101110110100000110100110100011100011001100111100010111000011
0001101110110100000110100110100011101011001100111100010111000011
0011101110110100000110100110100011101011001100111100010111000011
0011101110110100000110100110101011101011001100111100010111000011
0011101110110100000110100110101011101011001100111100010111100011
0011101110110100000110100110101011101011000100111100010111100011
0011001110110100000110100110101011101011000100111100010111100011
0011001110110100000110100110101011101011000100111100000111100011
0011001110110100000110100110101011101011001100111100000111100011
0011001110110100000110100110101011111011001100111100000111100011
0011001110110100000110100100101011111011001100111100000111100011
0011001110110100000110100100101011111011001110111100000111100011
0011001110110100000110100100101011111011001110111100000110100011
1011001110110100000110100100101011111011001110111100000110100011
1011001110110100000110100100101011111011011110111100000110100011
1011001110110100000110100100101011111011011110111100000010100011
1011001110110100000110100100101011111011011110111100000010100001
1011001110110100000110100100101011111011011110111100010010100001
1011001110110100000110100100101011111011001110111100010010100001
1011001110110100000110100100101011111011001110110100010010100001
1011001010110100000110100100101011111011001110110100010010100001
1011001010110100000110100100101011111011001110110110010010100001
1011001010110100000110100100101010111011001110110110010010100001
1011001010110100000110100100101010111011001110110110010010100001
1011001010110100000110100100101010111011001110110110010010100001
1011001010110100000110100100101010111011001110110110010010100001
1011001010110100000110100100101010111011001110110110010010100001
1011001010110100000110100100101010111011001110110110010010100001
1011001010110100000110100100101010111011001110110110010010100001
1011001010110100000110100100101010111011001110110110010010100001
1011001010110100000110100100101010111011001110110110010010100001
1011001010110100000110100100101010111011001110110110010010100001
1011001010110100000110100100101010111011001110110110010010100001
1011001010110100000110100100101010111011001110110110010010100001
1011001010110100000110100100101010111011001110110110010010100001
1011001010110100000110100100101010111011001110110110010010100001
1011001010110100000110100100101010111011001110110110010010100001
1011001010110100000110100100101010111011001110110110010010100001
1011001010110100000110100100101010111011001110110110010010100001
1011001010110100000110100100101010111011001110110110010010100001
1011001010110100000110100100101010111011001110110110010010100001
1011001010110100000110100100101010111011001110110110010010100001
1011001010110100000110100100101010111011001110110110010010100001
1011001010110100000110100100101010111011001110110110010010100001
1011001010110100000110100100101010111011001110110110010010100001
1011001010110100000110100100101010111011001110110110010010100001
1011001010110100000110100100101010111011001110110110010010100001
1011001010110100000110100100101010111011001110110110010010100001
1011001010110100000110100100101010111011001110110110010010100001
1011001010110100000110100100101010111011001110110110010010100001
1011001010110100000110100100101010111011001110110110010010100001
1011001010110100000110100100101010111011001110110110010010100001
1011001010110100000110100100101010111011001110110110010010100001
1011001010110100000110100100101010111011001110110110010010100001
1011001010110100000110100100101010111011001110110110010010100001
1011001010110100000110100100101010111011001110110110010010100001
1011001010110100000110100100101010111011001110110110010010100001
1011001010110100000110100100101010111011001110110110010010100001
1011001010110100000110100100101010111011001110110110010010100001
1011001010110100000110100100101010111011001110110110010010100001
1011001010110100000110100100101010111011001110110110010010100001
1011001010110100000110100100101010111011001110110110010010100001
1011001010110100000110100100101010111011001110110110010010100001
1011001010110100000110100100101010111011001110110110010010100001
1011001010110100000110100100101010111011001110110110010010100001
1011001010110100000110100100101010111011001110110110010010100001
1011001010110100000110100100101010111011001110110110010010100001
1011001010110100000110100100101010111011001110110110010010100001
1011001010110100000110100100101010111011001110110110010010100001
1011001010110100000110100100101010111011001110110110010010100001
1011001010110100000110100100101010111011001110110110010010100001
1011001010110100000110100100101010111011001110110110010010100001
1011001010110100000110100100101010111011001110110110010010100001
1011001010110100000110100100101010111011001110110110010010100001
1011001010110100000110100100101010111011001110110110010010100001
1011001010110100000110100100101010111011001110110110010010100001
1011001010110100000110100100101010111011001110110110010010100001
1011001010110100000110100100101010111011001110110110010010100001
1011001010110100000110100100101010111011001110110110010010100001
1011001010110100000110100100101010111011001110110110010010100001
1011001010110100000110100100101010111011001110110110010010100001
1011001010110100000110100100101010111011001110110110010010100001
1011001010110100000110100100101010111011001110110110010010100001
1011001010110100000110100100101010111011001110110110010010100001
1011001010110100000110100100101010111011001110110110010010100001
1011001010110100000110100100101010111011001110110110010010100001
1011001010110100000110100100101010111011001110110110010010100001
1011001010110100000110100100101010111011001110110110010010100001
1011001010110100000110100100101010111011001110110110010010100001
1011001010110100000110100100101010111011001110110110010010100001
1011001010110100000110100100101010111011001110110110010010100001
1011001010110100000110100100101010111011001110110110010010100001
1011001010110100000110100100101010111011001110110110010010100001
1011001010110100000110100100101010111011001110110110010010100001
1011001010110100000110100100101010111011001110110110010010100001
1011001010110100000110100100101010111011001110110110010010100001
1011001010110100000110100100101010111011001110110110010010100001
1011001010110100000110100100101010111011001110110110010010100001
1011001010110100000110100100101010111011001110110110010010100001
1011001010110100000110100100101010111011001110110110010010100001
1011001010110100000110100100101010111011001110110110010010100001
1011001010110100000110100100101010111011001110110110010010100001
1011001010110100000110100100101010111011001110110110010010100001
1011001010110100000110100100101010111011001110110110010010100001
1011001010110100000110100100101010111011001110110110010010100001
1011001010110100000110100100101010111011001110110110010010100001
1011001010110100000110100100101010111011001110110110010010100001
1011001010110100000110100100101010111011001110110110010010100001
1011001010110100000110100100101010111011001110110110010010100001
1011001010110100000110100100101010111011001110110110010010100001
1011001010110100000110100100101010111011001110110110010010100001
1011001010110100000110100100101010111011001110110110010010100001
1011001010110100000110100100101010111011001110110110010010100001
1011001010110100000110100100101010111011001110110110010010100001
1011001010110100000110100100101010111011001110110110010010100001
1011001010110100000110100100101010111011001110110110010010100001
1011001010110100000110100100101010111011001110110110010010100001
1011001010110100000110100100101010111011001110110110010010100001
1011001010110100000110100100101010111011001110110110010010100001
1011001010110100000110100100101010111011001110110110010010100001
1011001010110100000110100100101010111011001110110110010010100001
1011001010110100000110100100101010111011001110110110010010100001
1011001010110100000110100100101010111011001110110110010010100001
1011001010110100000110100100101010111011001110110110010010100001
1011001010110100000110100100101010111011001110110110010010100001
1011001010110100000110100100101010111011001110110110010010100001
1011001010110100000110100100101010111011001110110110010010100001
1011001010110100000110100100101010111011001110110110010010100001
1011001010110100000110100100101010111011001110110110010010100001
1011001010110100000110100100101010111011001110110110010010100001
1011001010110100000110100100101010111011001110110110010010100001
1011001010110100000110100100101010111011001110110110010010100001
1011001010110100000110100100101010111011001110110110010010100001
1011001010110100000110100100101010111011001110110110010010100001
1011001010110100000110100100101010111011001110110110010010100001
1011001010110100000110100100101010111011001110110110010010100001
1011001010110100000110100100101010111011001110110110010010100001
1011001010110100000110100100101010111011001110110110010010100001
1011001010110100000110100100101010111011001110110110010010100001
1011001010110100000110100100101010111011001110110110010010100001
1011001010110100000110100100101010111011001110110110010010100001
1011001010110100000110100100101010111011001110110110010010100001
1011001010110100000110100100101010111011001110110110010010100001
1011001010110100000110100100101010111011001110110110010010100001
1011001010110100000110100100101010111011001110110110010010100001
1011001010110100000110100100101010111011001110110110010010100001
1011001010110100000110100100101010111011001110110110010010100001
1011001010110100000110100100101010111011001110110110010010100001
1011001010110100000110100100101010111011001110110110010010100001
1011001010110100000110100100101010111011001110110110010010100001
1011001010110100000110100100101010111011001110110110010010100001
1011001010110100000110100100101010111011001110110110010010100001
1011001010110100000110100100101010111011001110110110010010100001
1011001010110100000110100100101010111011001110110110010010100001
1011001010110100000110100100101010111011001110110110010010100001
1011001010110100000110100100101010111011001110110110010010100001
1011001010110100000110100100101010111011001110110110010010100001
1011001010110100000110100100101010111011001110110110010010100001
1011001010110100000110100100101010111011001110110110010010100001
1011001010110100000110100100101010111011001110110110010010100001
1011001010110100000110100100101010111011001110110110010010100001
1011001010110100000110100100101010111011001110110110010010100001
1011001010110100000110100100101010111011001110110110010010100001
1011001010110100000110100100101010111011001110110110010010100001
1011001010110100000110100100101010111011001110110110010010100001
1011001010110100000110100100101010111011001110110110010010100001
1011001010110100000110100100101010111011001110110110010010100001
1011001010110100000110100100101010111011001110110110010010100001
1011001010110100000110100100101010111011001110110110010010100001
1011001010110100000110100100101010111011001110110110010010100001
1011001010110100000110100100101010111011001110110110010010100001
1011001010110100000110100100101010111011001110110110010010100001
1011001010110100000110100100101010111011001110110110010010100001
1011001010110100000110100100101010111011001110110110010010100001
1011001010110100000110100100101010111011001110110110010010100001
1011001010110100000110100100101010111011001110110110010010100001
1011001010110100000110100100101010111011001110110110010010100001
1011001010110100000110100100101010111011001110110110010010100001
1011001010110100000110100100101010111011001110110110010010100001
1011001010110100000110100100101010111011001110110110010010100001
1011001010110100000110100100101010111011001110110110010010100001
1011001010110100000110100100101010111011001110110110010010100001
1011001010110100000110100100101010111011001110110110010010100001
1011001010110100000110100100101010111011001110110110010010100001
1011001010110100000110100100101010111011001110110110010010100001
1011001010110100000110100100101010111011001110110110010010100001
1011001010110100000110100100101010111011001110110110010010100001
1011001010110100000110100100101010111011001110110110010010100001
1011001010110100000110100100101010111011001110110110010010100001
1011001010110100000110100100101010111011001110110110010010100001
1011001010110100000110100100101010111011001110110110010010100001
1011001010110100000110100100101010111011001110110110010010100001
1011001010110100000110100100101010111011001110110110010010100001
1011001010110100000110100100101010111011001110110110010010100001
1011001010110100000110100100101010111011001110110110010010100001
1011001010110100000110100100101010111011001110110110010010100001
1011001010110100000110100100101010111011001110110110010010100001
1011001010110100000110100100101010111011001110110110010010100001
1011001010110100000110100100101010111011001110110110010010100001
1011001010110100000110100100101010111011001110110110010010100001
1011001010110100000110100100101010111011001110110110010010100001
1011001010110100000110100100101010111011001110110110010010100001
1011001010110100000110100100101010111011001110110110010010100001
1011001010110100000110100100101010111011001110110110010010100001
1011001010110100000110100100101010111011001110110110010010100001
1011001010110100000110100100101010111011001110110110010010100001
1011001010110100000110100100101010111011001110110110010010100001
1011001010110100000110100100101010111011001110110110010010100001
1011001010110100000110100100101010111011001110110110010010100001
1011001010110100000110100100101010111011001110110110010010100001
1011001010110100000110100100101010111011001110110110010010100001
1011001010110100000110100100101010111011001110110110010010100001
1011001010110100000110100100101010111011001110110110010010100001
1011001010110100000110100100101010111011001110110110010010100001
1011001010110100000110100100101010111011001110110110010010100001
1011001010110100000110100100101010111011001110110110010010100001
1011001010110100000110100100101010111011001110110110010010100001
1011001010110100000110100100101010111011001110110110010010100001
1011001010110100000110100100101010111011001110110110010010100001
1011001010110100000110100100101010111011001110110110010010100001
1011001010110100000110100100101010111011001110110110010010100001
1011001010110100000110100100101010111011001110110110010010100001
1011001010110100000110100100101010111011001110110110010010100001
1011001010110100000110100100101010111011001110110110010010100001
1011001010110100000110100100101010111011001110110110010010100001
1011001010110100000110100100101010111011001110110110010010100001
1011001010110100000110100100101010111011001110110110010010100001
1011001010110100000110100100101010111011001110110110010010100001
1011001010110100000110100100101010111011001110110110010010100001
1011001010110100000110100100101010111011001110110110010010100001
1011001010110100000110100100101010111011001110110110010010100001
1011001010110100000110100100101010111011001110110110010010100001
1011001010110100000110100100101010111011001110110110010010100001
1011001010110100000110100100101010111011001110110110010010100001
1011001010110100000110100100101010111011001110110110010010100001
1011001010110100000110100100101010111011001110110110010010100001
1011001010110100000110100100101010111011001110110110010010100001
1011001010110100000110100100101010111011001110110110010010100001
1011001010110100000110100100101010111011001110110110010010100001
1011001010110100000110100100101010111011001110110110010010100001
1011001010110100000110100100101010111011001110110110010010100001
1011001010110100000110100100101010111011001110110110010010100001
1011001010110100000110100100101010111011001110110110010010100001
1011001010110100000110100100101010111011001110110110010010100001
1011001010110100000110100100101010111011001110110110010010100001
1011001010110100000110100100101010111011001110110110010010100001
1011001010110100000110100100101010111011001110110110010010100001
1011001010110100000110100100101010111011001110110110010010100001
1011001010110100000110100100101010111011001110110110010010100001
1011001010110100000110100100101010111011001110110110010010100001
1011001010110100000110100100101010111011001110110110010010100001
1011001010110100000110100100101010111011001110110110010010100001
1011001010110100000110100100101010111011001110110110010010100001
1011001010110100000110100100101010111011001110110110010010100001
1011001010110100000110100100101010111011001110110110010010100001
1011001010110100000110100100101010111011001110110110010010100001
1011001010110100000110100100101010111011001110110110010010100001
1011001010110100000110100100101010111011001110110110010010100001
1011001010110100000110100100101010111011001110110110010010100001
1011001010110100000110100100101010111011001110110110010010100001
1011001010110100000110100100101010111011001110110110010010100001
1011001010110100000110100100101010111011001110110110010010100001
1011001010110100000110100100101010111011001110110110010010100001
1011001010110100000110100100101010111011001110110110010010100001
1011001010110100000110100100101010111011001110110110010010100001
1011001010110100000110100100101010111011001110110110010010100001
1011001010110100000110100100101010111011001110110110010010100001
1011001010110100000110100100101010111011001110110110010010100001
1011001010110100000110100100101010111011001110110110010010100001
1011001010110100000110100100101010111011001110110110010010100001
1011001010110100000110100100101010111011001110110110010010100001
1011001010110100000110100100101010111011001110110110010010100001
1011001010110100000110100100101010111011001110110110010010100001
1011001010110100000110100100101010111011001110110110010010100001
1011001010110100000110100100101010111011001110110110010010100001
1011001010110100000110100100101010111011001110110110010010100001
1011001010110100000110100100101010111011001110110110010010100001
1011001010110100000110100100101010111011001110110110010010100001
1011001010110100000110100100101010111011001110110110010010100001
1011001010110100000110100100101010111011001110110110010010100001
1011001010110100000110100100101010111011001110110110010010100001
1011001010110100000110100100101010111011001110110110010010100001
1011001010110100000110100100101010111011001110110110010010100001
1011001010110100000110100100101010111011001110110110010010100001
1011001010110100000110100100101010111011001110110110010010100001
1011001010110100000110100100101010111011001110110110010010100001
1011001010110100000110100100101010111011001110110110010010100001
1011001010110100000110100100101010111011001110110110010010100001
1011001010110100000110100100101010111011001110110110010010100001
1011001010110100000110100100101010111011001110110110010010100001
1011001010110100000110100100101010111011001110110110010010100001
1011001010110100000110100100101010111011001110110110010010100001
1011001010110100000110100100101010111011001110110110010010100001
1011001010110100000110100100101010111011001110110110010010100001
1011001010110100000110100100101010111011001110110110010010100001
1011001010110100000110100100101010111011001110110110010010100001
1011001010110100000110100100101010111011001110110110010010100001
1011001010110100000110100100101010111011001110110110010010100001
1011001010110100000110100100101010111011001110110110010010100001
1011001010110100000110100100101010111011001110110110010010100001
1011001010110100000110100100101010111011001110110110010010100001
1011001010110100000110100100101010111011001110110110010010100001
1011001010110100000110100100101010111011001110110110010010100001
1011001010110100000110100100101010111011001110110110010010100001
1011001010110100000110100100101010111011001110110110010010100001
1011001010110100000110100100101010111011001110110110010010100001
1011001010110100000110100100101010111011001110110110010010100001
1011001010110100000110100100101010111011001110110110010010100001
1011001010110100000110100100101010111011001110110110010010100001
1011001010110100000110100100101010111011001110110110010010100001
1011001010110100000110100100101010111011001110110110010010100001
1011001010110100000110100100101010111011001110110110010010100001
1011001010110100000110100100101010111011001110110110010010100001
1011001010110100000110100100101010111011001110110110010010100001
1011001010110100000110100100101010111011001110110110010010100001
1011001010110100000110100100101010111011001110110110010010100001
1011001010110100000110100100101010111011001110110110010010100001
1011001010110100000110100100101010111011001110110110010010100001
1011001010110100000110100100101010111011001110110110010010100001
1011001010110100000110100100101010111011001110110110010010100001
1011001010110100000110100100101010111011001110110110010010100001
1011001010110100000110100100101010111011001110110110010010100001
1011001010110100000110100100101010111011001110110110010010100001
1011001010110100000110100100101010111011001110110110010010100001
1011001010110100000110100100101010111011001110110110010010100001
1011001010110100000110100100101010111011001110110110010010100001
1011001010110100000110100100101010111011001110110110010010100001
1011001010110100000110100100101010111011001110110110010010100001
1011001010110100000110100100101010111011001110110110010010100001
1011001010110100000110100100101010111011001110110110010010100001
1011001010110100000110100100101010111011001110110110010010100001
1011001010110100000110100100101010111011001110110110010010100001
1011001010110100000110100100101010111011001110110110010010100001
1011001010110100000110100100101010111011001110110110010010100001
1011001010110100000110100100101010111011001110110110010010100001
1011001010110100000110100100101010111011001110110110010010100001
1011001010110100000110100100101010111011001110110110010010100001
1011001010110100000110100100101010111011001110110110010010100001
1011001010110100000110100100101010111011001110110110010010100001
1011001010110100000110100100101010111011001110110110010010100001
1011001010110100000110100100101010111011001110110110010010100001
1011001010110100000110100100101010111011001110110110010010100001
1011001010110100000110100100101010111011001110110110010010100001
1011001010110100000110100100101010111011001110110110010010100001
1011001010110100000110100100101010111011001110110110010010100001
1011001010110100000110100100101010111011001110110110010010100001
1011001010110100000110100100101010111011001110110110010010100001
1011001010110100000110100100101010111011001110110110010010100001
1011001010110100000110100100101010111011001110110110010010100001
1011001010110100000110100100101010111011001110110110010010100001
1011001010110100000110100100101010111011001110110110010010100001
1011001010110100000110100100101010111011001110110110010010100001
1011001010110100000110100100101010111011001110110110010010100001
1011001010110100000110100100101010111011001110110110010010100001
1011001010110100000110100100101010111011001110110110010010100001
1011001010110100000110100100101010111011001110110110010010100001
1011001010110100000110100100101010111011001110110110010010100001
1011001010110100000110100100101010111011001110110110010010100001
1011001010110100000110100100101010111011001110110110010010100001
1011001010110100000110100100101010111011001110110110010010100001
1011001010110100000110100100101010111011001110110110010010100001
1011001010110100000110100100101010111011001110110110010010100001
1011001010110100000110100100101010111011001110110110010010100001
1011001010110100000110100100101010111011001110110110010010100001
1011001010110100000110100100101010111011001110110110010010100001
1011001010110100000110100100101010111011001110110110010010100001
1011001010110100000110100100101010111011001110110110010010100001
1011001010110100000110100100101010111011001110110110010010100001
1011001010110100000110100100101010111011001110110110010010100001
1011001010110100000110100100101010111011001110110110010010100001
1011001010110100000110100100101010111011001110110110010010100001
1011001010110100000110100100101010111011001110110110010010100001
1011001010110100000110100100101010111011001110110110010010100001
1011001010110100000110100100101010111011001110110110010010100001
1011001010110100000110100100101010111011001110110110010010100001
1011001010110100000110100100101010111011001110110110010010100001
1011001010110100000110100100101010111011001110110110010010100001
1011001010110100000110100100101010111011001110110110010010100001
1011001010110100000110100100101010111011001110110110010010100001
1011001010110100000110100100101010111011001110110110010010100001
1011001010110100000110100100101010111011001110110110010010100001
1011001010110100000110100100101010111011001110110110010010100001
1011001010110100000110100100101010111011001110110110010010100001
1011001010110100000110100100101010111011001110110110010010100001
1011001010110100000110100100101010111011001110110110010010100001
1011001010110100000110100100101010111011001110110110010010100001
1011001010110100000110100100101010111011001110110110010010100001
1011001010110100000110100100101010111011001110110110010010100001
1011001010110100000110100100101010111011001110110110010010100001
1011001010110100000110100100101010111011001110110110010010100001
1011001010110100000110100100101010111011001110110110010010100001
1011001010110100000110100100101010111011001110110110010010100001
1011001010110100000110100100101010111011001110110110010010100001
1011001010110100000110100100101010111011001110110110010010100001
1011001010110100000110100100101010111011001110110110010010100001
1011001010110100000110100100101010111011001110110110010010100001
1011001010110100000110100100101010111011001110110110010010100001
1011001010110100000110100100101010111011001110110110010010100001
1011001010110100000110100100101010111011001110110110010010100001
1011001010110100000110100100101010111011001110110110010010100001
1011001010110100000110100100101010111011001110110110010010100001
1011001010110100000110100100101010111011001110110110010010100001
1011001010110100000110100100101010111011001110110110010010100001
1011001010110100000110100100101010111011001110110110010010100001
1011001010110100000110100100101010111011001110110110010010100001
1011001010110100000110100100101010111011001110110110010010100001
1011001010110100000110100100101010111011001110110110010010100001
1011001010110100000110100100101010111011001110110110010010100001
1011001010110100000110100100101010111011001110110110010010100001
1011001010110100000110100100101010111011001110110110010010100001
1011001010110100000110100100101010111011001110110110010010100001
1011001010110100000110100100101010111011001110110110010010100001
1011001010110100000110100100101010111011001110110110010010100001
1011001010110100000110100100101010111011001110110110010010100001
1011001010110100000110100100101010111011001110110110010010100001
1011001010110100000110100100101010111011001110110110010010100001
1011001010110100000110100100101010111011001110110110010010100001
1011001010110100000110100100101010111011001110110110010010100001
1011001010110100000110100100101010111011001110110110010010100001
1011001010110100000110100100101010111011001110110110010010100001
1011001010110100000110100100101010111011001110110110010010100001
1011001010110100000110100100101010111011001110110110010010100001
1011001010110100000110100100101010111011001110110110010010100001
1011001010110100000110100100101010111011001110110110010010100001
1011001010110100000110100100101010111011001110110110010010100001
1011001010110100000110100100101010111011001110110110010010100001
1011001010110100000110100100101010111011001110110110010010100001
1011001010110100000110100100101010111011001110110110010010100001
1011001010110100000110100100101010111011001110110110010010100001
1011001010110100000110100100101010111011001110110110010010100001
1011001010110100000110100100101010111011001110110110010010100001
1011001010110100000110100100101010111011001110110110010010100001
1011001010110100000110100100101010111011001110110110010010100001
1011001010110100000110100100101010111011001110110110010010100001
1011001010110100000110100100101010111011001110110110010010100001
1011001010110100000110100100101010111011001110110110010010100001
1011001010110100000110100100101010111011001110110110010010100001
1011001010110100000110100100101010111011001110110110010010100001
1011001010110100000110100100101010111011001110110110010010100001
1011001010110100000110100100101010111011001110110110010010100001
1011001010110100000110100100101010111011001110110110010010100001
1011001010110100000110100100101010111011001110110110010010100001
1011001010110100000110100100101010111011001110110110010010100001
1011001010110100000110100100101010111011001110110110010010100001
1011001010110100000110100100101010111011001110110110010010100001
1011001010110100000110100100101010111011001110110110010010100001
1011001010110100000110100100101010111011001110110110010010100001
1011001010110100000110100100101010111011001110110110010010100001
1011001010110100000110100100101010111011001110110110010010100001
1011001010110100000110100100101010111011001110110110010010100001
1011001010110100000110100100101010111011001110110110010010100001
1011001010110100000110100100101010111011001110110110010010100001
1011001010110100000110100100101010111011001110110110010010100001
1011001010110100000110100100101010111011001110110110010010100001
1011001010110100000110100100101010111011001110110110010010100001
1011001010110100000110100100101010111011001110110110010010100001
1011001010110100000110100100101010111011001110110110010010100001
1011001010110100000110100100101010111011001110110110010010100001
1011001010110100000110100100101010111011001110110110010010100001
1011001010110100000110100100101010111011001110110110010010100001
1011001010110100000110100100101010111011001110110110010010100001
1011001010110100000110100100101010111011001110110110010010100001
1011001010110100000110100100101010111011001110110110010010100001
1011001010110100000110100100101010111011001110110110010010100001
1011001010110100000110100100101010111011001110110110010010100001
1011001010110100000110100100101010111011001110110110010010100001
1011001010110100000110100100101010111011001110110110010010100001
1011001010110100000110100100101010111011001110110110010010100001
1011001010110100000110100100101010111011001110110110010010100001
1011001010110100000110100100101010111011001110110110010010100001
1011001010110100000110100100101010111011001110110110010010100001
1011001010110100000110100100101010111011001110110110010010100001
1011001010110100000110100100101010111011001110110110010010100001
1011001010110100000110100100101010111011001110110110010010100001
1011001010110100000110100100101010111011001110110110010010100001
1011001010110100000110100100101010111011001110110110010010100001
1011001010110100000110100100101010111011001110110110010010100001
1011001010110100000110100100101010111011001110110110010010100001
1011001010110100000110100100101010111011001110110110010010100001
1011001010110100000110100100101010111011001110110110010010100001
1011001010110100000110100100101010111011001110110110010010100001
1011001010110100000110100100101010111011001110110110010010100001
1011001010110100000110100100101010111011001110110110010010100001
1011001010110100000110100100101010111011001110110110010010100001
1011001010110100000110100100101010111011001110110110010010100001
1011001010110100000110100100101010111011001110110110010010100001
1011001010110100000110100100101010111011001110110110010010100001
1011001010110100000110100100101010111011001110110110010010100001
1011001010110100000110100100101010111011001110110110010010100001
1011001010110100000110100100101010111011001110110110010010100001
1011001010110100000110100100101010111011001110110110010010100001
1011001010110100000110100100101010111011001110110110010010100001
1011001010110100000110100100101010111011001110110110010010100001
1011001010110100000110100100101010111011001110110110010010100001
1011001010110100000110100100101010111011001110110110010010100001
1011001010110100000110100100101010111011001110110110010010100001
1011001010110100000110100100101010111011001110110110010010100001
1011001010110100000110100100101010111011001110110110010010100001
1011001010110100000110100100101010111011001110110110010010100001
1011001010110100000110100100101010111011001110110110010010100001
1011001010110100000110100100101010111011001110110110010010100001
1011001010110100000110100100101010111011001110110110010010100001
1011001010110100000110100100101010111011001110110110010010100001
1011001010110100000110100100101010111011001110110110010010100001
1011001010110100000110100100101010111011001110110110010010100001
1011001010110100000110100100101010111011001110110110010010100001
1011001010110100000110100100101010111011001110110110010010100001
1011001010110100000110100100101010111011001110110110010010100001
1011001010110100000110100100101010111011001110110110010010100001
1011001010110100000110100100101010111011001110110110010010100001
1011001010110100000110100100101010111011001110110110010010100001
1011001010110100000110100100101010111011001110110110010010100001
1011001010110100000110100100101010111011001110110110010010100001
1011001010110100000110100100101010111011001110110110010010100001
1011001010110100000110100100101010111011001110110110010010100001
1011001010110100000110100100101010111011001110110110010010100001
1011001010110100000110100100101010111011001110110110010010100001
1011001010110100000110100100101010111011001110110110010010100001
1011001010110100000110100100101010111011001110110110010010100001
1011001010110100000110100100101010111011001110110110010010100001
1011001010110100000110100100101010111011001110110110010010100001
1011001010110100000110100100101010111011001110110110010010100001
1011001010110100000110100100101010111011001110110110010010100001