0110001111011011
1001110000100100
0110001111011011
1001110000100100
0110001111011011
1001110000100100
0110001111011011
1001110000100100
0110001111011011
1001110000100100
0110001111011011
1001110000100100
0110001111011011
1001110000100100
0110001111011011
1001110000100100
0110001111011011
1001110000100100
0110001111011011
1001110000100100
0110001111011011
1001110000100100
0110001111011011
1001110000100100
0110001111011011
1001110000100100
0110001111011011
1001110000100100
0110001111011011
1001110000100100
0110001111011011
1001110000100100
0110001111011011
1001110000100100
0110001111011011
1001110000100100
0110001111011011
1001110000100100
0110001111011011
1001110000100100
0110001111011011
1001110000100100
0110001111011011
1001110000100100
0110001111011011
1001110000100100
0110001111011011
1001110000100100
0110001111011011
1001110000100100
0110001111011011
1001110000100100
0110001111011011
1001110000100100
0110001111011011
1001110000100100
0110001111011011
1001110000100100
0110001111011011
1001110000100100
0110001111011011
1001110000100100
0110001111011011
1001110000100100
0110001111011011
1001110000100100
0110001111011011
1001110000100100
0110001111011011
1001110000100100
0110001111011011
1001110000100100
0110001111011011
1001110000100100
0110001111011011
1001110000100100
0110001111011011
1001110000100100
0110001111011011
1001110000100100
0110001111011011
1001110000100100
0110001111011011
1001110000100100
0110101111011011
1000010000100100
0111101111011111
1000010000000000
0111101111101111
1000010000010010
0111101101101101
1000010010010011
0101101101101100
1010000010010011
0111111101101100
0000000010010011
1111111101101110
1000000010010001
0111111101100110
1000010010011001