BW,PERCENTAGE,POWER [nW]
8,12,1.0050
8,25,1.3362
8,38,1.6684
8,50,2.0011
8,62,2.3340
8,75,2.6660
8,88,2.9986
8,100,3.3310
9,11,1.0926
9,22,1.4252
9,33,1.7574
9,44,2.0899
9,56,2.4224
9,67,2.7566
9,78,3.0877
9,89,3.4204
9,100,3.7530
10,10,1.1538
10,20,1.4864
10,30,1.8191
10,40,2.1517
10,50,2.4843
10,60,2.8169
10,70,3.1496
10,80,3.4823
10,90,3.8149
10,100,4.1476
11,9,1.2276
11,18,1.5606
11,27,1.8932
11,36,2.2262
11,45,2.5588
11,55,2.8916
11,64,3.2240
11,73,3.5568
11,82,3.8891
11,91,4.2217
11,100,4.5542
12,8,1.2755
12,17,1.6092
12,25,1.9427
12,33,2.2758
12,42,2.6081
12,50,2.9403
12,58,3.2727
12,67,3.6072
12,75,3.9382
12,83,4.2706
12,92,4.6033
12,100,4.9359
13,8,1.3558
13,15,1.6908
13,23,2.0245
13,31,2.3566
13,38,2.6882
13,46,3.0212
13,54,3.3541
13,62,3.6867
13,69,4.0187
13,77,4.3519
13,85,4.6844
13,92,5.0171
13,100,5.3497
14,7,1.4298
14,14,1.7663
14,21,2.0987
14,29,2.4301
14,36,2.7633
14,43,3.0965
14,50,3.4286
14,57,3.7610
14,64,4.0937
14,71,4.4268
14,79,4.7590
14,86,5.0919
14,93,5.4246
14,100,5.7573
15,7,1.4982
15,13,1.8355
15,20,2.1663
15,27,2.4983
15,33,2.8324
15,40,3.1653
15,47,3.4965
15,53,3.8299
15,60,4.1620
15,67,4.4970
15,73,4.8273
15,80,5.1609
15,87,5.4924
15,93,5.8252
15,100,6.1578
16,6,1.5659
16,12,1.9038
16,19,2.2332
16,25,2.5669
16,31,2.9000
16,38,3.2316
16,44,3.5650
16,50,3.8972
16,56,4.2299
16,62,4.5631
16,69,4.8945
16,75,5.2277
16,81,5.5604
16,88,5.8930
16,94,6.2256
16,100,6.5583
17,6,1.6403
17,12,1.9780
17,18,2.3069
17,24,2.6421
17,29,2.9731
17,35,3.3062
17,41,3.6393
17,47,3.9711
17,53,4.3043
17,59,4.6367
17,65,4.9690
17,71,5.3022
17,76,5.6342
17,82,5.9674
17,88,6.2996
17,94,6.6324
17,100,6.9650
18,6,1.7154
18,11,2.0523
18,17,2.3815
18,22,2.7172
18,28,3.0476
18,33,3.3820
18,39,3.7134
18,44,4.0469
18,50,4.3793
18,56,4.7120
18,61,5.0446
18,67,5.3799
18,72,5.7098
18,78,6.0427
18,83,6.3754
18,89,6.7082
18,94,7.0407
18,100,7.3735
19,5,1.7717
19,11,2.1070
19,16,2.4374
19,21,2.7723
19,26,3.1031
19,32,3.4375
19,37,3.7686
19,42,4.1028
19,47,4.4341
19,53,4.7680
19,58,5.0994
19,63,5.4333
19,68,5.7652
19,74,6.0985
19,79,6.4305
19,84,6.7637
19,89,7.0960
19,95,7.4290
19,100,7.7616
20,5,1.8281
20,10,2.1613
20,15,2.4938
20,20,2.8267
20,25,3.1594
20,30,3.4923
20,35,3.8249
20,40,4.1589
20,45,4.4902
20,50,4.8233
20,55,5.1560
20,60,5.4887
20,65,5.8214
20,70,6.1542
20,75,6.4870
20,80,6.8209
20,85,7.1524
20,90,7.4853
20,95,7.8179
20,100,8.1508
21,5,1.8974
21,10,2.2279
21,14,2.5629
21,19,2.8935
21,24,3.2282
21,29,3.5598
21,33,3.8937
21,38,4.2246
21,43,4.5590
21,48,4.8901
21,52,5.2243
21,57,5.5565
21,62,5.8896
21,67,6.2251
21,71,6.5549
21,76,6.8868
21,81,7.2201
21,86,7.5531
21,90,7.8852
21,95,8.2178
21,100,8.5507
22,5,1.9672
22,9,2.2952
22,14,2.6324
22,18,2.9612
22,23,3.2970
22,27,3.6270
22,32,3.9623
22,36,4.2931
22,41,4.6270
22,45,4.9588
22,50,5.2919
22,55,5.6246
22,59,5.9574
22,64,6.2900
22,68,6.6232
22,73,6.9554
22,77,7.2883
22,82,7.6208
22,86,7.9538
22,91,8.2863
22,95,8.6189
22,100,8.9517
23,4,2.0435
23,9,2.3688
23,13,2.7076
23,17,3.0352
23,22,3.3718
23,26,3.7014
23,30,4.0355
23,35,4.3680
23,39,4.7003
23,43,5.0335
23,48,5.3650
23,52,5.6989
23,57,6.0305
23,61,6.3634
23,65,6.6960
23,70,7.0283
23,74,7.3618
23,78,7.6938
23,83,8.0268
23,87,8.3590
23,91,8.6920
23,96,9.0243
23,100,9.3572
24,4,2.1254
24,8,2.4486
24,12,2.7887
24,17,3.1159
24,21,3.4516
24,25,3.7831
24,29,4.1153
24,33,4.4494
24,38,4.7800
24,42,5.1140
24,46,5.4455
24,50,5.7786
24,54,6.1116
24,58,6.4433
24,63,6.7772
24,67,7.1127
24,71,7.4420
24,75,7.7741
24,79,8.1068
24,83,8.4392
24,88,8.7719
24,92,9.1044
24,96,9.4368
24,100,9.7697
25,4,2.1758
25,8,2.4968
25,12,2.8380
25,16,3.1654
25,20,3.4999
25,24,3.8334
25,28,4.1638
25,32,4.4987
25,36,4.8297
25,40,5.1642
25,44,5.4961
25,48,5.8273
25,52,6.1613
25,56,6.4927
25,60,6.8259
25,64,7.1581
25,68,7.4920
25,72,7.8239
25,76,8.1557
25,80,8.4902
25,84,8.8218
25,88,9.1538
25,92,9.4866
25,96,9.8190
25,100,10.1519
26,4,2.2134
26,8,2.5324
26,12,2.8741
26,15,3.2028
26,19,3.5351
26,23,3.8703
26,27,4.2000
26,31,4.5345
26,35,4.8666
26,38,5.1980
26,42,5.5327
26,46,5.8637
26,50,6.1969
26,54,6.5299
26,58,6.8614
26,62,7.1949
26,65,7.5277
26,69,7.8592
26,73,8.1925
26,77,8.5248
26,81,8.8580
26,85,9.1902
26,88,9.5230
26,92,9.8555
26,96,10.1878
26,100,10.5207
27,4,2.3012
27,7,2.6185
27,11,2.9603
27,15,3.2904
27,19,3.6209
27,22,3.9580
27,26,4.2867
27,30,4.6200
27,33,4.9543
27,37,5.2843
27,41,5.6188
27,44,5.9517
27,48,6.2826
27,52,6.6165
27,56,6.9484
27,59,7.2810
27,63,7.6145
27,67,7.9499
27,70,8.2790
27,74,8.6116
27,78,8.9438
27,81,9.2761
27,85,9.6091
27,89,9.9422
27,93,10.2741
27,96,10.6064
27,100,10.9393
28,4,2.3777
28,7,2.6930
28,11,3.0347
28,14,3.3666
28,18,3.6952
28,21,4.0316
28,25,4.3628
28,29,4.6951
28,32,5.0294
28,36,5.3600
28,39,5.6933
28,43,6.0267
28,46,6.3574
28,50,6.6909
28,54,7.0241
28,57,7.3560
28,61,7.6885
28,64,8.0206
28,68,8.3550
28,71,8.6868
28,75,9.0190
28,79,9.3509
28,82,9.6841
28,86,10.0172
28,89,10.3494
28,93,10.6818
28,96,11.0141
28,100,11.3469
29,3,2.4167
29,7,2.7300
29,10,3.0708
29,14,3.4047
29,17,3.7319
29,21,4.0682
29,24,4.4012
29,28,4.7306
29,31,5.0658
29,34,5.3980
29,38,5.7292
29,41,6.0630
29,45,6.3959
29,48,6.7271
29,52,7.0611
29,55,7.3929
29,59,7.7251
29,62,8.0587
29,66,8.3913
29,69,8.7227
29,72,9.0561
29,76,9.3882
29,79,9.7214
29,83,10.0538
29,86,10.3862
29,90,10.7187
29,93,11.0513
29,97,11.3836
29,100,11.7165
30,3,2.4791
30,7,2.7912
30,10,3.1309
30,13,3.4670
30,17,3.7932
30,20,4.1288
30,23,4.4634
30,27,4.7925
30,30,5.1268
30,33,5.4608
30,37,5.7906
30,40,6.1264
30,43,6.4581
30,47,6.7888
30,50,7.1225
30,53,7.4558
30,57,7.7872
30,60,8.1203
30,63,8.4535
30,67,8.7892
30,70,9.1182
30,73,9.4509
30,77,9.7832
30,80,10.1177
30,83,10.4485
30,87,10.7808
30,90,11.1138
30,93,11.4465
30,97,11.7788
30,100,12.1117
31,3,2.5232
31,6,2.8338
31,10,3.1724
31,13,3.5100
31,16,3.8364
31,19,4.1703
31,23,4.5062
31,26,4.8354
31,29,5.1686
31,32,5.5032
31,35,5.8342
31,39,6.1658
31,42,6.5004
31,45,6.8318
31,48,7.1639
31,52,7.4977
31,55,7.8299
31,58,8.1614
31,61,8.4954
31,65,8.8268
31,68,9.1615
31,71,9.4934
31,74,9.8257
31,77,10.1576
31,81,10.4913
31,84,10.8230
31,87,11.1553
31,90,11.4882
31,94,11.8207
31,97,12.1530
31,100,12.4859
32,3,2.5875
32,6,2.8968
32,9,3.2335
32,12,3.5728
32,16,3.8996
32,19,4.2313
32,22,4.5684
32,25,4.8986
32,28,5.2297
32,31,5.5647
32,34,5.8969
32,38,6.2277
32,41,6.5627
32,44,6.8945
32,47,7.2251
32,50,7.5589
32,53,7.8920
32,56,8.2233
32,59,8.5564
32,62,8.8899
32,66,9.2224
32,69,9.5533
32,72,9.8868
32,75,10.2191
32,78,10.5513
32,81,10.8841
32,84,11.2171
32,88,11.5490
32,91,11.8820
32,94,12.2143
32,97,12.5464
32,100,12.8793
33,3,2.6445
33,6,2.9528
33,9,3.2880
33,12,3.6286
33,15,3.9565
33,18,4.2868
33,21,4.6235
33,24,4.9554
33,27,5.2846
33,30,5.6197
33,33,5.9535
33,36,6.2838
33,39,6.6174
33,42,6.9510
33,45,7.2816
33,48,7.6139
33,52,7.9479
33,55,8.2803
33,58,8.6116
33,61,8.9447
33,64,9.2773
33,67,9.6134
33,70,9.9421
33,73,10.2756
33,76,10.6071
33,79,10.9394
33,82,11.2724
33,85,11.6051
33,88,11.9374
33,91,12.2707
33,94,12.6027
33,97,12.9349
33,100,13.2678
34,3,2.6833
34,6,2.9906
34,9,3.3241
34,12,3.6657
34,15,3.9947
34,18,4.3228
34,21,4.6597
34,24,4.9935
34,26,5.3224
34,29,5.6557
34,32,5.9907
34,35,6.3217
34,38,6.6531
34,41,6.9875
34,44,7.3204
34,47,7.6508
34,50,7.9844
34,53,8.3179
34,56,8.6493
34,59,8.9820
34,62,9.3151
34,65,9.6464
34,68,9.9815
34,71,10.3129
34,74,10.6455
34,76,10.9769
34,79,11.3105
34,82,11.6428
34,85,11.9754
34,88,12.3074
34,91,12.6407
34,94,12.9729
34,97,13.3050
34,100,13.6379
35,3,2.7341
35,6,3.0405
35,9,3.3721
35,11,3.7146
35,14,4.0452
35,17,4.3719
35,20,4.7079
35,23,5.0429
35,26,5.3721
35,29,5.7047
35,31,6.0395
35,34,6.3715
35,37,6.7017
35,40,7.0379
35,43,7.3699
35,46,7.7005
35,49,8.0327
35,51,8.3665
35,54,8.6988
35,57,9.0308
35,60,9.3636
35,63,9.6970
35,66,10.0298
35,69,10.3606
35,71,10.6945
35,74,11.0268
35,77,11.3583
35,80,11.6934
35,83,12.0241
35,86,12.3568
35,89,12.6890
35,91,13.0216
35,94,13.3541
35,97,13.6863
35,100,14.0191
36,3,2.8102
36,6,3.1165
36,8,3.4461
36,11,3.7890
36,14,4.1210
36,17,4.4473
36,19,4.7821
36,22,5.1189
36,25,5.4484
36,28,5.7787
36,31,6.1146
36,33,6.4478
36,36,6.7779
36,39,7.1103
36,42,7.4449
36,44,7.7780
36,47,8.1080
36,50,8.4419
36,53,8.7756
36,56,9.1071
36,58,9.4388
36,61,9.7724
36,64,10.1049
36,67,10.4418
36,69,10.7696
36,72,11.1027
36,75,11.4355
36,78,11.7679
36,81,12.1020
36,83,12.4332
36,86,12.7660
36,89,13.0990
36,92,13.4311
36,94,13.7636
36,97,14.0959
36,100,14.4288
37,3,2.8683
37,5,3.1739
37,8,3.5017
37,11,3.8446
37,14,4.1783
37,16,4.5042
37,19,4.8372
37,22,5.1743
37,24,5.5059
37,27,5.8350
37,30,6.1693
37,32,6.5042
37,35,6.8349
37,38,7.1664
37,41,7.5022
37,43,7.8342
37,46,8.1656
37,49,8.4976
37,51,8.8318
37,54,9.1640
37,57,9.4961
37,59,9.8287
37,62,10.1621
37,65,10.4935
37,68,10.8287
37,70,11.1598
37,73,11.4924
37,76,11.8246
37,78,12.1568
37,81,12.4904
37,84,12.8227
37,86,13.1549
37,89,13.4879
37,92,13.8205
37,95,14.1530
37,97,14.4854
37,100,14.8183
38,3,2.9636
38,5,3.2691
38,8,3.5949
38,11,3.9376
38,13,4.2728
38,16,4.5990
38,18,4.9306
38,21,5.2681
38,24,5.6006
38,26,5.9298
38,29,6.2631
38,32,6.5985
38,34,6.9304
38,37,7.2606
38,39,7.5949
38,42,7.9289
38,45,8.2608
38,47,8.5914
38,50,8.9255
38,53,9.2594
38,55,9.5910
38,58,9.9225
38,61,10.2563
38,63,10.5898
38,66,10.9232
38,68,11.2539
38,71,11.5878
38,74,11.9202
38,76,12.2519
38,79,12.5843
38,82,12.9178
38,84,13.2507
38,87,13.5826
38,89,13.9154
38,92,14.2486
38,95,14.5811
38,97,14.9135
38,100,15.2464
39,3,3.0516
39,5,3.3570
39,8,3.6812
39,10,4.0234
39,13,4.3602
39,15,4.6873
39,18,5.0170
39,21,5.3541
39,23,5.6884
39,26,6.0177
39,28,6.3496
39,31,6.6851
39,33,7.0182
39,36,7.3486
39,38,7.6801
39,41,8.0155
39,44,8.3482
39,46,8.6799
39,49,9.0119
39,51,9.3460
39,54,9.6785
39,56,10.0102
39,59,10.3428
39,62,10.6770
39,64,11.0084
39,67,11.3457
39,69,11.6732
39,72,12.0073
39,74,12.3398
39,77,12.6723
39,79,13.0054
39,82,13.3380
39,85,13.6701
39,87,14.0026
39,90,14.3353
39,92,14.6686
39,95,15.0008
39,97,15.3333
39,100,15.6662
40,2,3.1150
40,5,3.4204
40,8,3.7431
40,10,4.0842
40,12,4.4224
40,15,4.7498
40,18,5.0783
40,20,5.4147
40,22,5.7508
40,25,6.0804
40,28,6.4103
40,30,6.7455
40,32,7.0801
40,35,7.4112
40,38,7.7421
40,40,8.0784
40,42,8.4105
40,45,8.7418
40,48,9.0727
40,50,9.4071
40,52,9.7409
40,55,10.0724
40,58,10.4045
40,60,10.7376
40,62,11.0714
40,65,11.4029
40,68,11.7376
40,70,12.0683
40,72,12.4015
40,75,12.7338
40,78,13.0662
40,80,13.4012
40,82,13.7322
40,85,14.0644
40,88,14.3969
40,90,14.7296
40,92,15.0628
40,95,15.3949
40,98,15.7275
40,100,16.0604
41,2,3.1643
41,5,3.4698
41,7,3.7912
41,10,4.1318
41,12,4.4712
41,15,4.7995
41,17,5.1272
41,20,5.4624
41,22,5.7997
41,24,6.1301
41,27,6.4598
41,29,6.7932
41,32,7.1290
41,34,7.4606
41,37,7.7911
41,39,8.1243
41,41,8.4586
41,44,8.7914
41,46,9.1228
41,49,9.4552
41,51,9.7897
41,54,10.1220
41,56,10.4537
41,59,10.7861
41,61,11.1195
41,63,11.4526
41,66,11.7871
41,68,12.1168
41,71,12.4511
41,73,12.7831
41,76,13.1153
41,78,13.4479
41,80,13.7820
41,83,14.1136
41,85,14.4468
41,88,14.7784
41,90,15.1116
41,93,15.4443
41,95,15.7767
41,98,16.1093
41,100,16.4422
42,2,3.2138
42,5,3.5194
42,7,3.8395
42,10,4.1793
42,12,4.5202
42,14,4.8495
42,17,5.1758
42,19,5.5099
42,21,5.8471
42,24,6.1795
42,26,6.5085
42,29,6.8422
42,31,7.1768
42,33,7.5100
42,36,7.8399
42,38,8.1716
42,40,8.5075
42,43,8.8402
42,45,9.1711
42,48,9.5025
42,50,9.8367
42,52,10.1709
42,55,10.5025
42,57,10.8351
42,60,11.1673
42,62,11.5012
42,64,11.8323
42,67,12.1705
42,69,12.4969
42,71,12.8313
42,74,13.1638
42,76,13.4955
42,79,13.8278
42,81,14.1617
42,83,14.4938
42,86,14.8276
42,88,15.1588
42,90,15.4920
42,93,15.8244
42,95,16.1569
42,98,16.4896
42,100,16.8224
43,2,3.2960
43,5,3.6016
43,7,3.9203
43,9,4.2591
43,12,4.6009
43,14,4.9312
43,16,5.2575
43,19,5.5900
43,21,5.9280
43,23,6.2608
43,26,6.5899
43,28,6.9212
43,30,7.2566
43,33,7.5908
43,35,7.9218
43,37,8.2526
43,40,8.5878
43,42,8.9211
43,44,9.2534
43,47,9.5840
43,49,9.9169
43,51,10.2511
43,53,10.5841
43,56,10.9152
43,58,11.2469
43,60,11.5807
43,63,11.9148
43,65,12.2468
43,67,12.5804
43,70,12.9111
43,72,13.2440
43,74,13.5768
43,77,13.9090
43,79,14.2418
43,81,14.5745
43,84,14.9076
43,86,15.2406
43,88,15.5722
43,91,15.9055
43,93,16.2379
43,95,16.5702
43,98,16.9028
43,100,17.2357
44,2,3.3788
44,5,3.6844
44,7,4.0015
44,9,4.3390
44,11,4.6816
44,14,5.0137
44,16,5.3392
44,18,5.6713
44,20,6.0078
44,23,6.3428
44,25,6.6721
44,27,7.0021
44,30,7.3366
44,32,7.6724
44,34,8.0040
44,36,8.3349
44,39,8.6666
44,41,9.0021
44,43,9.3349
44,45,9.6656
44,48,9.9974
44,50,10.3316
44,52,10.6658
44,55,10.9979
44,57,11.3299
44,59,11.6623
44,61,11.9956
44,64,12.3277
44,66,12.6632
44,68,12.9926
44,70,13.3262
44,73,13.6589
44,75,13.9908
44,77,14.3239
44,80,14.6575
44,82,14.9889
44,84,15.3223
44,86,15.6545
44,89,15.9872
44,91,16.3202
44,93,16.6525
44,95,16.9847
44,98,17.3173
44,100,17.6502
45,2,3.4551
45,4,3.7607
45,7,4.0762
45,9,4.4127
45,11,4.7559
45,13,5.0893
45,16,5.4149
45,18,5.7447
45,20,6.0815
45,22,6.4182
45,24,6.7479
45,27,7.0774
45,29,7.4115
45,31,7.7462
45,33,8.0794
45,36,8.4092
45,38,8.7409
45,40,9.0779
45,42,9.4097
45,44,9.7421
45,47,10.0721
45,49,10.4051
45,51,10.7394
45,53,11.0723
45,56,11.4039
45,58,11.7356
45,60,12.0690
45,62,12.4030
45,64,12.7340
45,67,13.0721
45,69,13.3982
45,71,13.7332
45,73,14.0654
45,76,14.3971
45,78,14.7300
45,80,15.0656
45,82,15.3960
45,84,15.7281
45,87,16.0603
45,89,16.3940
45,91,16.7265
45,93,17.0590
45,96,17.3910
45,98,17.7236
45,100,18.0565
46,2,3.4986
46,4,3.8044
46,7,4.1190
46,9,4.4543
46,11,4.7976
46,13,5.1321
46,15,5.4585
46,17,5.7874
46,20,6.1233
46,22,6.4599
46,24,6.7915
46,26,7.1201
46,28,7.4532
46,30,7.7881
46,33,8.1220
46,35,8.4529
46,37,8.7834
46,39,9.1174
46,41,9.4516
46,43,9.7842
46,46,10.1156
46,48,10.4469
46,50,10.7812
46,52,11.1153
46,54,11.4472
46,57,11.7788
46,59,12.1119
46,61,12.4446
46,63,12.7786
46,65,13.1110
46,67,13.4449
46,70,13.7744
46,72,14.1081
46,74,14.4410
46,76,14.7725
46,78,15.1050
46,80,15.4403
46,83,15.7713
46,85,16.1035
46,87,16.4359
46,89,16.7694
46,91,17.1020
46,93,17.4346
46,96,17.7667
46,98,18.0993
46,100,18.4322
47,2,3.5610
47,4,3.8667
47,6,4.1804
47,9,4.5147
47,11,4.8585
47,13,5.1938
47,15,5.5210
47,17,5.8489
47,19,6.1834
47,21,6.5211
47,23,6.8541
47,26,7.1824
47,28,7.5130
47,30,7.8483
47,32,8.1835
47,34,8.5151
47,36,8.8455
47,38,9.1771
47,40,9.5142
47,43,9.8464
47,45,10.1781
47,47,10.5089
47,49,10.8418
47,51,11.1759
47,53,11.5093
47,55,11.8406
47,57,12.1733
47,60,12.5059
47,62,12.8397
47,64,13.1709
47,66,13.5075
47,68,13.8359
47,70,14.1694
47,72,14.5017
47,74,14.8346
47,77,15.1666
47,79,15.4987
47,81,15.8331
47,83,16.1651
47,85,16.4972
47,87,16.8299
47,89,17.1626
47,91,17.4956
47,94,17.8281
47,96,18.1604
47,98,18.4930
47,100,18.8259
48,2,3.6237
48,4,3.9296
48,6,4.2419
48,8,4.5755
48,10,4.9191
48,12,5.2560
48,15,5.5837
48,17,5.9106
48,19,6.2441
48,21,6.5821
48,23,6.9156
48,25,7.2451
48,27,7.5749
48,29,7.9095
48,31,8.2443
48,33,8.5777
48,35,8.9081
48,38,9.2393
48,40,9.5747
48,42,9.9073
48,44,10.2397
48,46,10.5710
48,48,10.9023
48,50,11.2367
48,52,11.5707
48,54,11.9028
48,56,12.2339
48,58,12.5664
48,60,12.9000
48,63,13.2344
48,65,13.5650
48,67,13.9043
48,69,14.2285
48,71,14.5641
48,73,14.8960
48,75,15.2282
48,77,15.5609
48,79,15.8936
48,81,16.2263
48,83,16.5587
48,85,16.8920
48,88,17.2242
48,90,17.5565
48,92,17.8895
48,94,18.2220
48,96,18.5545
48,98,18.8871
48,100,19.2200
49,2,3.6877
49,4,3.9935
49,6,4.3048
49,8,4.6371
49,10,4.9804
49,12,5.3186
49,14,5.6476
49,16,5.9738
49,18,6.3065
49,20,6.6438
49,22,6.9794
49,24,7.3091
49,27,7.6384
49,29,7.9722
49,31,8.3074
49,33,8.6409
49,35,8.9714
49,37,9.3021
49,39,9.6348
49,41,9.9711
49,43,10.3040
49,45,10.6349
49,47,10.9664
49,49,11.2995
49,51,11.6335
49,53,11.9666
49,55,12.2982
49,57,12.6312
49,59,12.9640
49,61,13.2969
49,63,13.6302
49,65,13.9635
49,67,14.2973
49,69,14.6257
49,71,14.9608
49,73,15.2930
49,76,15.6248
49,78,15.9577
49,80,16.2918
49,82,16.6233
49,84,16.9559
49,86,17.2895
49,88,17.6210
49,90,17.9537
49,92,18.2868
49,94,18.6193
49,96,18.9518
49,98,19.2844
49,100,19.6173
50,2,3.7573
50,4,4.0632
50,6,4.3734
50,8,4.7047
50,10,5.0474
50,12,5.3872
50,14,5.7168
50,16,6.0424
50,18,6.3744
50,20,6.7111
50,22,7.0480
50,24,7.3786
50,26,7.7072
50,28,8.0390
50,30,8.3743
50,32,8.7096
50,34,9.0413
50,36,9.3716
50,38,9.7035
50,40,10.0410
50,42,10.3727
50,44,10.7045
50,46,11.0357
50,48,11.3673
50,50,11.7015
50,52,12.0358
50,54,12.3676
50,56,12.6992
50,58,13.0314
50,60,13.3652
50,62,13.6995
50,64,14.0301
50,66,14.3679
50,68,14.6962
50,70,15.0287
50,72,15.3616
50,74,15.6949
50,76,16.0265
50,78,16.3592
50,80,16.6954
50,82,17.0252
50,84,17.3582
50,86,17.6912
50,88,18.0227
50,90,18.3557
50,92,18.6889
50,94,19.0215
50,96,19.3538
50,98,19.6865
50,100,20.0194
51,2,3.8206
51,4,4.1266
51,6,4.4358
51,8,4.7660
51,10,5.1080
51,12,5.4490
51,14,5.7797
51,16,6.1053
51,18,6.4352
51,20,6.7719
51,22,7.1090
51,24,7.4415
51,25,7.7702
51,27,8.1005
51,29,8.4351
51,31,8.7710
51,33,9.1038
51,35,9.4342
51,37,9.7650
51,39,10.0989
51,41,10.4335
51,43,10.7668
51,45,11.0974
51,47,11.4293
51,49,11.7624
51,51,12.0965
51,53,12.4296
51,55,12.7614
51,57,13.0938
51,59,13.4268
51,61,13.7596
51,63,14.0939
51,65,14.4245
51,67,14.7646
51,69,15.0884
51,71,15.4239
51,73,15.7561
51,75,16.0885
51,76,16.4199
51,78,16.7524
51,80,17.0890
51,82,17.4200
51,84,17.7520
51,86,18.0849
51,88,18.4166
51,90,18.7497
51,92,19.0830
51,94,19.4155
51,96,19.7477
51,98,20.0803
51,100,20.4132
52,2,3.8776
52,4,4.1837
52,6,4.4921
52,8,4.8211
52,10,5.1626
52,12,5.5041
52,13,5.8359
52,15,6.1622
52,17,6.4910
52,19,6.8261
52,21,7.1639
52,23,7.4968
52,25,7.8264
52,27,8.1566
52,29,8.4906
52,31,8.8260
52,33,9.1594
52,35,9.4902
52,37,9.8207
52,38,10.1524
52,40,10.4904
52,42,10.8226
52,44,11.1545
52,46,11.4852
52,48,11.8169
52,50,12.1510
52,52,12.4854
52,54,12.8170
52,56,13.1488
52,58,13.4812
52,60,13.8146
52,62,14.1486
52,63,14.4803
52,65,14.8149
52,67,15.1489
52,69,15.4762
52,71,15.8115
52,73,16.1437
52,75,16.4757
52,77,16.8087
52,79,17.1401
52,81,17.4757
52,83,17.8075
52,85,18.1393
52,87,18.4720
52,88,18.8048
52,90,19.1376
52,92,19.4707
52,94,19.8030
52,96,20.1352
52,98,20.4679
52,100,20.8008
53,2,3.9405
53,4,4.2467
53,6,4.5545
53,8,4.8824
53,9,5.2231
53,11,5.5652
53,13,5.8983
53,15,6.2243
53,17,6.5528
53,19,6.8867
53,21,7.2249
53,23,7.5594
53,25,7.8892
53,26,8.2181
53,28,8.5512
53,30,8.8862
53,32,9.2212
53,34,9.5526
53,36,9.8827
53,38,10.2147
53,40,10.5502
53,42,10.8832
53,43,11.2160
53,45,11.5467
53,47,11.8785
53,49,12.2119
53,51,12.5459
53,53,12.8795
53,55,13.2112
53,57,13.5426
53,58,13.8754
53,60,14.2086
53,62,14.5433
53,64,14.8734
53,66,15.2118
53,68,15.5400
53,70,15.8715
53,72,16.2054
53,74,16.5386
53,75,16.8696
53,77,17.2027
53,79,17.5351
53,81,17.8688
53,83,18.2010
53,85,18.5334
53,87,18.8661
53,89,19.1994
53,91,19.5318
53,92,19.8646
53,94,20.1967
53,96,20.5292
53,98,20.8618
53,100,21.1947
54,2,3.9847
54,4,4.2909
54,6,4.5983
54,7,4.9252
54,9,5.2648
54,11,5.6081
54,13,5.9419
54,15,6.2685
54,17,6.5959
54,19,6.9295
54,20,7.2669
54,22,7.6037
54,24,7.9332
54,26,8.2624
54,28,8.5935
54,30,8.9286
54,31,9.2646
54,33,9.5971
54,35,9.9274
54,37,10.2578
54,39,10.5907
54,41,10.9276
54,43,11.2605
54,44,11.5927
54,46,11.9226
54,48,12.2547
54,50,12.5888
54,52,12.9232
54,54,13.2551
54,56,13.5872
54,57,13.9195
54,59,14.2526
54,61,14.5854
54,63,14.9198
54,65,15.2506
54,67,15.5911
54,69,15.9143
54,70,16.2496
54,72,16.5814
54,74,16.9148
54,76,17.2464
54,78,17.5796
54,80,17.9136
54,81,18.2451
54,83,18.5778
54,85,18.9105
54,87,19.2430
54,89,19.5767
54,91,19.9090
54,93,20.2415
54,94,20.5738
54,96,20.9065
54,98,21.2391
54,100,21.5720
55,2,4.0484
55,4,4.3545
55,5,4.6612
55,7,4.9870
55,9,5.3258
55,11,5.6696
55,13,6.0044
55,15,6.3320
55,16,6.6585
55,18,6.9911
55,20,7.3279
55,22,7.6652
55,24,7.9969
55,25,8.3253
55,27,8.6556
55,29,8.9903
55,31,9.3260
55,33,9.6596
55,35,9.9905
55,36,10.3208
55,38,10.6526
55,40,10.9901
55,42,11.3221
55,44,11.6540
55,45,11.9852
55,47,12.3170
55,49,12.6506
55,51,12.9846
55,53,13.3187
55,55,13.6501
55,56,13.9813
55,58,14.3135
55,60,14.6475
55,62,14.9819
55,64,15.3131
55,65,15.6482
55,67,15.9827
55,69,16.3091
55,71,16.6451
55,73,16.9772
55,75,17.3097
55,76,17.6412
55,78,17.9742
55,80,18.3100
55,82,18.6403
55,84,18.9732
55,85,19.3059
55,87,19.6381
55,89,19.9715
55,91,20.3044
55,93,20.6365
55,95,20.9691
55,96,21.3016
55,98,21.6343
55,100,21.9672
56,2,4.1052
56,4,4.4116
56,5,4.7178
56,7,5.0424
56,9,5.3803
56,11,5.7247
56,12,6.0606
56,14,6.3888
56,16,6.7143
56,18,7.0461
56,20,7.3825
56,21,7.7195
56,23,8.0524
56,25,8.3818
56,27,8.7120
56,29,9.0459
56,30,9.3808
56,32,9.7155
56,34,10.0470
56,36,10.3770
56,38,10.7087
56,39,11.0426
56,41,11.3776
56,43,11.7112
56,45,12.0429
56,46,12.3732
56,48,12.7051
56,50,13.0395
56,52,13.3737
56,54,13.7061
56,55,14.0380
56,57,14.3705
56,59,14.7034
56,61,15.0364
56,62,15.3708
56,64,15.7005
56,66,16.0395
56,68,16.3683
56,70,16.6987
56,71,17.0333
56,73,17.3654
56,75,17.6976
56,77,18.0301
56,79,18.3618
56,80,18.6981
56,82,19.0292
56,84,19.3617
56,86,19.6949
56,88,20.0269
56,89,20.3595
56,91,20.6927
56,93,21.0248
56,95,21.3578
56,96,21.6901
56,98,22.0227
56,100,22.3556
57,2,4.1440
57,4,4.4504
57,5,4.7563
57,7,5.0792
57,9,5.4166
57,11,5.7607
57,12,6.0978
57,14,6.4271
57,16,6.7524
57,18,7.0828
57,19,7.4183
57,21,7.7566
57,23,8.0903
57,25,8.4200
57,26,8.7488
57,28,9.0816
57,30,9.4165
57,32,9.7525
57,33,10.0850
57,35,10.4148
57,37,10.7455
57,39,11.0781
57,40,11.4156
57,42,11.7484
57,44,12.0795
57,46,12.4107
57,47,12.7425
57,49,13.0761
57,51,13.4102
57,53,13.7443
57,54,14.0756
57,56,14.4069
57,58,14.7389
57,60,15.0732
57,61,15.4068
57,63,15.7402
57,65,16.0713
57,67,16.4126
57,68,16.7353
57,70,17.0699
57,72,17.4029
57,74,17.7361
57,75,18.0674
57,77,18.4004
57,79,18.7318
57,81,19.0677
57,82,19.3997
57,84,19.7320
57,86,20.0645
57,88,20.3967
57,89,20.7291
57,91,21.0627
57,93,21.3951
57,95,21.7279
57,96,22.0602
57,98,22.3929
57,100,22.7258
58,2,4.1946
58,3,4.5009
58,5,4.8067
58,7,5.1284
58,9,5.4648
58,10,5.8086
58,12,6.1472
58,14,6.4771
58,16,6.8028
58,17,7.1321
58,19,7.4668
58,21,7.8045
58,22,8.1405
58,24,8.4700
58,26,8.7990
58,28,9.1300
58,29,9.4647
58,31,9.8007
58,33,10.1343
58,34,10.4650
58,36,10.7956
58,38,11.1277
58,40,11.4628
58,41,11.7962
58,43,12.1295
58,45,12.4611
58,47,12.7917
58,48,13.1241
58,50,13.4583
58,52,13.7925
58,53,14.1252
58,55,14.4565
58,57,14.7891
58,59,15.1212
58,60,15.4547
58,62,15.7893
58,64,16.1200
58,66,16.4557
58,67,16.7909
58,69,17.1162
58,71,17.4521
58,72,17.7839
58,74,18.1170
58,76,18.4486
58,78,18.7818
58,79,19.1143
58,81,19.4484
58,83,19.7807
58,84,20.1130
58,86,20.4455
58,88,20.7778
58,90,21.1104
58,91,21.4438
58,93,21.7763
58,95,22.1090
58,97,22.4414
58,98,22.7741
58,100,23.1070
59,2,4.2708
59,3,4.5771
59,5,4.8829
59,7,5.2031
59,8,5.5386
59,10,5.8822
59,12,6.2219
59,14,6.5531
59,15,6.8790
59,17,7.2070
59,19,7.5407
59,20,7.8785
59,22,8.2157
59,24,8.5464
59,25,8.8750
59,27,9.2056
59,29,9.5399
59,31,9.8755
59,32,10.2097
59,34,10.5414
59,36,10.8717
59,37,11.2030
59,39,11.5360
59,41,11.8725
59,42,12.2057
59,44,12.5371
59,46,12.8681
59,47,13.1998
59,49,13.5335
59,51,13.8676
59,53,14.2020
59,54,14.5330
59,56,14.8650
59,58,15.1969
59,59,15.5305
59,61,15.8637
59,63,16.1983
59,64,16.5278
59,66,16.8675
59,68,17.1967
59,69,17.5260
59,71,17.8613
59,73,18.1934
59,75,18.5259
59,76,18.8578
59,78,19.1908
59,80,19.5246
59,81,19.8570
59,83,20.1898
59,85,20.5220
59,86,20.8547
59,88,21.1867
59,90,21.5198
59,92,21.8532
59,93,22.1860
59,95,22.5185
59,97,22.8511
59,98,23.1838
59,100,23.5167
60,2,4.3289
60,3,4.6349
60,5,4.9407
60,7,5.2594
60,8,5.5940
60,10,5.9372
60,12,6.2779
60,13,6.6101
60,15,6.9359
60,17,7.2634
60,18,7.5966
60,20,7.9335
60,22,8.2705
60,23,8.6031
60,25,8.9321
60,27,9.2624
60,28,9.5955
60,30,9.9302
60,32,10.2662
60,33,10.5985
60,35,10.9289
60,37,11.2594
60,38,11.5916
60,40,11.9291
60,42,12.2610
60,43,12.5940
60,45,12.9251
60,47,13.2563
60,48,13.5891
60,50,13.9232
60,52,14.2575
60,53,14.5904
60,55,14.9215
60,57,15.2539
60,58,15.5858
60,60,15.9197
60,62,16.2540
60,63,16.5866
60,65,16.9182
60,67,17.2599
60,68,17.5832
60,70,17.9164
60,72,18.2501
60,73,18.5824
60,75,18.9146
60,77,19.2471
60,78,19.5794
60,80,19.9154
60,82,20.2460
60,83,20.5788
60,85,20.9114
60,87,21.2436
60,88,21.5762
60,90,21.9095
60,92,22.2425
60,93,22.5755
60,95,22.9077
60,97,23.2406
60,98,23.5732
60,100,23.9061
61,2,4.4242
61,3,4.7304
61,5,5.0360
61,7,5.3535
61,8,5.6872
61,10,6.0299
61,11,6.3717
61,13,6.7044
61,15,7.0312
61,16,7.3580
61,18,7.6905
61,20,8.0267
61,21,8.3642
61,23,8.6977
61,25,9.0275
61,26,9.3563
61,28,9.6887
61,30,10.0233
61,31,10.3595
61,33,10.6932
61,34,11.0239
61,36,11.3548
61,38,11.6863
61,39,12.0205
61,41,12.3559
61,43,12.6891
61,44,13.0211
61,46,13.3518
61,48,13.6831
61,49,14.0172
61,51,14.3514
61,52,14.6855
61,54,15.0170
61,56,15.3490
61,57,15.6817
61,59,16.0144
61,61,16.3475
61,62,16.6824
61,64,17.0126
61,66,17.3486
61,67,17.6848
61,69,18.0093
61,70,18.3455
61,72,18.6774
61,74,19.0111
61,75,19.3421
61,77,19.6754
61,79,20.0069
61,80,20.3429
61,82,20.6741
61,84,21.0070
61,85,21.3397
61,87,21.6717
61,89,22.0045
61,90,22.3376
61,92,22.6704
61,93,23.0034
61,95,23.3358
61,97,23.6687
61,98,24.0013
61,100,24.3342
62,2,4.4238
62,3,4.7299
62,5,5.0356
62,6,5.3520
62,8,5.6855
62,10,6.0273
62,11,6.3698
62,13,6.7034
62,15,7.0308
62,16,7.3570
62,18,7.6883
62,19,8.0241
62,21,8.3624
62,23,8.6971
62,24,9.0268
62,26,9.3559
62,27,9.6867
62,29,10.0216
62,31,10.3575
62,32,10.6917
62,34,11.0235
62,35,11.3536
62,37,11.6846
62,39,12.0176
62,40,12.3545
62,42,12.6875
62,44,13.0192
62,45,13.3506
62,47,13.6822
62,48,14.0146
62,50,14.3489
62,52,14.6835
62,53,15.0162
62,55,15.3475
62,56,15.6797
62,58,16.0115
62,60,16.3458
62,61,16.6793
62,63,17.0133
62,65,17.3431
62,66,17.6829
62,68,18.0128
62,69,18.3412
62,71,18.6768
62,73,19.0089
62,74,19.3417
62,76,19.6733
62,77,20.0067
62,79,20.3386
62,81,20.6738
62,82,21.0061
62,84,21.3381
62,85,21.6715
62,87,22.0030
62,89,22.3367
62,90,22.6693
62,92,23.0020
62,94,23.3346
62,95,23.6671
62,97,24.0000
62,98,24.3326
62,100,24.6655
63,2,4.4240
63,3,4.7303
63,5,5.0360
63,6,5.3513
63,8,5.6836
63,10,6.0248
63,11,6.3680
63,13,6.7026
63,14,7.0308
63,16,7.3563
63,17,7.6869
63,19,8.0218
63,21,8.3599
63,22,8.6965
63,24,9.0266
63,25,9.3554
63,27,9.6856
63,29,10.0204
63,30,10.3544
63,32,10.6903
63,33,11.0228
63,35,11.3529
63,37,11.6841
63,38,12.0161
63,40,12.3519
63,41,12.6853
63,43,13.0193
63,44,13.3510
63,46,13.6816
63,48,14.0129
63,49,14.3467
63,51,14.6811
63,52,15.0152
63,54,15.3467
63,56,15.6788
63,57,16.0116
63,59,16.3442
63,60,16.6769
63,62,17.0115
63,63,17.3432
63,65,17.6757
63,67,18.0169
63,68,18.3409
63,70,18.6733
63,71,19.0080
63,73,19.3399
63,75,19.6727
63,76,20.0044
63,78,20.3379
63,79,20.6705
63,81,21.0044
63,83,21.3370
63,84,21.6696
63,86,22.0030
63,87,22.3345
63,89,22.6680
63,90,23.0005
63,92,23.3333
63,94,23.6656
63,95,23.9982
63,97,24.3310
63,98,24.6636
63,100,24.9965
64,2,4.4226
64,3,4.7291
64,5,5.0349
64,6,5.3493
64,8,5.6809
64,9,6.0217
64,11,6.3654
64,12,6.7010
64,14,7.0297
64,16,7.3552
64,17,7.6848
64,19,8.0186
64,20,8.3567
64,22,8.6934
64,23,9.0255
64,25,9.3540
64,27,9.6843
64,28,10.0172
64,30,10.3513
64,31,10.6872
64,33,11.0210
64,34,11.3519
64,36,11.6825
64,38,12.0142
64,39,12.3478
64,41,12.6834
64,42,13.0172
64,44,13.3482
64,45,13.6793
64,47,14.0113
64,48,14.3436
64,50,14.6779
64,52,15.0125
64,53,15.3456
64,55,15.6771
64,56,16.0084
64,58,16.3404
64,59,16.6746
64,61,17.0078
64,62,17.3427
64,64,17.6725
64,66,18.0093
64,67,18.3447
64,69,18.6695
64,70,19.0050
64,72,19.3377
64,73,19.6704
64,75,20.0025
64,77,20.3348
64,78,20.6680
64,80,21.0021
64,81,21.3341
64,83,21.6668
64,84,21.9999
64,86,22.3330
64,88,22.6650
64,89,22.9980
64,91,23.3311
64,92,23.6637
64,94,23.9957
64,95,24.3284
64,97,24.6612
64,98,24.9939
64,100,25.3268
