1100010011011001101000010001001111110001101111111100011101000110
1001010111111000100000110111000101011011011001111100111000010010
0101100101111000100000111111001000001111010100001001111000111101
0111010011110000101100111011011000010110000000010011111001100011
0111001011011101000100100111011101001110010000010000101000110101
1101001011111001001000111101001110101110010111111000001001111000
0101101111110101010000011110101110001110010100110100110101001100
1101100101010101010100110101001110111111011111110000111001110000
1111110101100001000010111110001101111100011010010001001000110100
1111110110000001100001001111011001101111010000111001010110100100
1110000110000001111011011101101111110001010001000001010011100000
1100100001001101011001010100000010110001010111000000000101101010
1100101011001011101101111011000010100001010011000011101011000000
1110110110000011100001110000000111100110111011000111110011010010
1011111101110111001000100001110001100110101111000011100010010110
1110111000011111001000100111001111100010001110000111111111111110
1111111100000001101010101110101101000001011111001100100011111110
1100111100100111001110101110011001110000111011001010110010100000
0000010100000011110010101010111011010011111101001010010000010100
1010010000001001111000110000010001110101011101011000011101000100
1011001001111001100000011010001010110111100101111110011101000110
0001100111111000101001011111010000000110101101000110011111000111
0101110001101010100011010000011010010110001110000010010000000111
0101010011001001010011100000000000011011101010010010001110100111
1101100001101101011001101101100100000010001010000010101010111110
1000101100100110110101101101001111000011000010100111001110111010
1101111010011111111100100100001110000011110001000111000100101011
0101100101011011110100100100111000010001100101010111011110000111
0100100110000001111110100100000000110011000010010110001111011011
1110000111001011110010000100010101111110010110010010011100001111
0010000001101001110011101100010100101001001100000111011100111110
0110011011101000100010100100110001101110101100011011001110010100
0111011000001000001001110100010000100110100010110010000111001110
0011000111000000000101101100100100110000110000111110000111101010
1001001001000110000101101010100000101100010110011000010011101100
1011101110011010000111100010011100100110110110001010010010010100
0011111110111110010111110011011100101111000010110001100001110101
1011100111010010000101010110011101101100000010001100100000110000
1010100100011010000010011101011100101000101110100000110100111101
0001110100100010101001011101010100100010101110111011110011001101
1110110000100100000001100101010011110010110111011111110011101111
0101110000011110100001111111011000111001110101011110111110101101
0000011010011110100101101011100001110010111111010010100000101101
0100010111011110001100100011000101111111000101110001100000011100
0101110101111110010100100110010111000100000001111001101110001001
1011110001111010001000101010011110000010001110111001001100110001
1111100001011100011011111110011100011100001100011101001001111010
1101000111110000011001101000010100110101010100101101001000010000
1110100110011010010000101001010011000101010111100100000010011010
0100110110010010010101111111111001100101100011100110001101101010
1110000110010110100011111100011001100101000010000101100001001001
0010000101011101100010110000010011000001010000010011100000010011
0001001000011011000011000011011010000101010000110101001001000011
1001001000001011101000000010010001110101000110111101010011011110
0011001101001011000100000101100001011001001111010000000001011110
0100001000101011001000111001110001001000001011011100110101101110
0110101100001010101000101101011000000110001001101100000100101001
0111100010011110110010101111011001010110011111111111011110001101
0110100110101100000110110011001111010110011001111101010011111111
1110111100111100110000100001001101111011010000001101010011100110
1111110110101100111011110001011101000011001111101100011111000010
0110111000001011001110010000010101000110001111101100110110100110
0100100001010111100111001000011110001100111101011100110110100100
1000001000110000000011111010101110000010011101011110101110100100
0000010100100010000100111110101110000001000101111100101011011001
1000100001000011101000001110100101100011101101101100101111001000
0100101010000001010101001110101011000011100101111111100001000000
0000000010001001011001101110110111011101011100101011110000100000
0000010001000100111001100001010000111111111101101101010000100001
1000100110010111111001101010110001010111111111011011010000110000
1111000000011111110000100011100001111111100110100011011001111000
0110010110001011100000111111100111001110000110101011010011010001
0101010000110101100000101011110111001010110100001011100000110101
1100110101111010100011101011000011001011010000011010010000010111
1100010101010010110110001011001101101000010011011100001101010010
1010110001110110110111101000111000100110010011010101000010010010
1010110001001111100000111101111100000010100111000001001010011100
1010111011111111010001011011011100010010100101011010101101011001
0011111110110111100100110010011100111110111001101000101101111101
0011011100011111010000000010010111010011011101100010101100101111
0011111000101111000110100100111111001101010100100000111100111010
0011010010001010000111101101110010100101010001111101110101111011
0001010001001110010010011011110110000101011001001011111110110111
0100101100011110000010110011110100110101011000010000101100010110
1000100110001111010011011101100111011001011000001000111100010101
1000110111001001110110000100000111010011001010001010011011010010
0101111101010001110110001011001011010100000011110010011010010000
1110011101100001010010110110101001010100111011011011011110011000
1000011111100001010010101011001011010101110110101011110000000011
1011001011011100010010010011111011010001110101110101110010001011
0011000000100100000010000011111011000010101001001111100010011101
0111100000110000101100011011011011010000100110000101111000011111
1110110100101010110100011001011001100100100010011101101000100010
1011100000100010101101001001011101111110000001001011011000101011
0111110100000111001001001100010110011111000000000100011001111011
0011100000011000000011101100010110011100100101110101011101101101
0011001101011000110111011110110100010101100101010010101001100100
0011100101101010110111010111101110010101000100101110011000010111
0100001111011110100101011100101010010101110000001101111100010111
0100110011111101000101001101100100011101110000000010110000101111
0010010011000000000001001000100100111111010101011110110101011111
0101010000010101001001010100010100111011000100001111110101110001
0101011011011111011000001100011101100110101100000111111111100010
0101001011110100001000111010011101110011110100110101101111011110
1101010101011010001001101001010011110111110100110001111110001011
1011010101001100101100101010011111100101010000011101111100101110
0011110110111110111101111000111111100011001010010100101101100100
0010110111010001010111100110111110100011000000011101001001110110
0010100101100000000110100110001101110101001011111010001011110010
1110011111100100110111100100001001100100111111111001010011110111
0101001111101111100110100110101001100111111011001101111111000011
1111101010000111100110101011011000000000010110001101110111100011
0110111010000100010010100011001011100011010111110111111100100011
0000011010101001011100010011001001101011101110111011100100100010
0100111010001001010110010110110011110010100111111100100011100110
1110111101000111010101000110000111010011110111110100110001010100
1000111011010101110100000010010001000001110111100101000001111011
1110111010000100111011000110000111001000011011000010000001111111
1100001011101100101001000110001110011101001110000010011100011100
1110000011001001101100000110001000000001000111101111001000010010
0110111110010001101010010110011010000100100110100111100110110010
1000111010010001100000010100111000110000101111101010100000011100
1001111000010010010010010100011100010100001101110001110101111010
1001101110100001001110000100000100011110011101000011101101110011
0011111010000000000111001000010000011111111011001011011100010101
0100011011011100000111101001000001011000111011010000000101011101
0110011001000000010111111000000111011111100110010010100011011011
1101010001001000010011110101111100101111110100011001100010010011
1000010001011100111011110111100110001101011011011111100011011110
0100011001110101001011110111011111101101101110011100100110001111
0100111000001001110010110111001111000000111001011110100010001010
0100110101001010100110100110010010010000110001011011010111011000
0100110111101110110100101110000010110111011010101011010000111011
0100000101110100010100111111000010000011101010001011111101000001
1000101101110011010110110000000010100101111011000000111111000100
1010101101101101101111110000000000110110010101001001010110001100
0001000100110101101111000010000000111100110100011011111100100000
0001110110111011101101101001000100001010011100111011010110000000
0000100110111011101100111001101101010111011100010010101011011011
0101100010101010100011100001111101000110011011001000100011010010
0111101100000001000101100111101101100100011101011100100110010110
0011110110001001010111101111001100100000011011000111011101000110
0011110010000110101111111111100101101001011111000001101110110110
0100110100000000111111011000010100011100011111101000101111110110
0000110010011101000101010110010110001100011011110101100111010110
1100100110110101000101000000011101101111001011011101010011000010
1011100100111101010111101000110011100111101110101101000011011000
1001110100010010010101101010011011110110001011011101010100111000
0001010101011110010101001000111100100100111101111101110101010001
1001000001000110001100001000100000101101001110101101100000100001
1001110111010000100100101001110101111001101111001101101010101101
1001010111010101101111111110100001110100110000001101111010001100
1011111111001111111111111000000011111000010011011010111000100100
1111111000000111011101101000000010100011111111101010010101110100
0111001100111101110101101000101110000001110111011110010101001110
1100000011001001001111101000101100000111100111011010100100001111
1000101100001010011101000000001011000010110101011010100101101011
1111000000101011110111000001101010010010010001011000001101011001
0110010100010011110011110110101000010100001001110100001100011000
0001001001011111010001110101100011000100001101110100000000110100
1011001111011101110111010011100001000100111011010100101110111110
1010001111011101101101100001000100100101101000100101001111110011
1110100011100101101101111001000011111101110000100000000110011010
1010010001000011111100101001001011101001111100111000111101001010
1001111000011010010000111011100011001001110110101010011101011110
1111011010011010101000111110110110011000000000001110010111111110
1111001100010110111110101100110110111011010110011110101111001010
1100001110010111100000111000110100011111011101001111001011010000
1000100011011111101010111011110101001110010100111101100111010101
0000001001110110101111111101011111101101011100111111111111010000
1011010111110111101100111101011111111111111010010001010010010000
1011010011010011010000101101110101111000101110010101110011110111
0100010011010011101001101111000101011001010110110111101111000111
0110011011010000010000111110001100010101110111100110110110001101
0001010001011001010001110110101011111001110111001100111110011110
0000000101011011000110000110100011110000110010001111101001010111
0100001010000011011111000011100011110110100110001111111110100110
0110111111000111000101001001101011100010100110100110111011111101
0111100101000110011001100000001011100100011100111110111111011111
0101010101010000011100110101011000110000011001111100010010011111
1001011010011100011001010101001001100100010101000101110010001111
0011010000011110101111100111001001100111101001101101111110000111
0001100000111110101110100010100000110111001110000101111101101100
0011100000100010100110010110010101110010000111110100011100101001
1011001000010011110110000111010101011110010100000000010101000000
1111001010110001100110001100011001101000101100111000010111001001
1010011011100101010100000011101001000100101110111001010011101000
1010011111010111000101101011110001010111010110101011101011110000
1011001101010110100000010010110101000110110100011010011011111100
0001000001110111110001010110100100110101000100001111111010101100
0001000111001000001011000110100101010101001110001111010100001110
1000000101111101011010100111111000010101011000001011010111001011
1010111101111101100110101001001000000101001111100010010110001111
0111101100110100010011110010101000100010101111100010110110001101
0111000100000000000101010011100110100010100100100111010000101100
0011011100000010000111101001100101011111110101100100010110001100
0000000110010010001101101011100000011111111001101110101011111101
1000111011001010101100001011100100001001011101001111111000110101
0001011011001011111011111000110111011001001101101110011100010111
1000001001001111110111101101010100001011000000000110010000011111
1100010101010110100011110100010000000000001001010010010000110101
1000100000011100010011110110010000000110100010110101010100010001
0101100111101110110111100110010010010110101010100011011100001010
0101011010111000110111101110100111000011100100110011011101000011
1000010011101010010111101010110101101111110001101011001100110011
1111110010001100111011101000101010101111100100001011001010110011
1101110100010100110111001000001110001111001000100101101110011111
1101110000010010110101001000101000001000000001110010010000110111
1001000001000100110100101000101000011011011110010000110000111100
1011100000010110011001110000011000001101110110011010111010011100
1001111110010100011101011100001000000100011010111110010010110000
1101001101010100111001001111011001101100110000011100010100010010
1111011010000001001011000101010001100110000100111010010101010010
0111001011100001001110111000011000101011000010111011001001010011
0111000110101000011001000000111011011011010010010111001001000010
0111010011101001011001111000011010110010010110011010001110110100
1111100010101010011001010110110110010010010011001111101110000101
0011100111000010001100100110101010010010110110011110101110001010
0001100111011011011101000001001111100010100101000011101110000010
1111011110010011011011100011001011111001110111001011001100000000
1110010111110011001001100111001100011101001110111011101110011001
0000000111010010111001110011000110010000011100110001111111101001
0010000101101011011011110010010010010010011111011111011111100110
0010010101111011111000011111110101000110001011100011000111100110
1011111101111100111110111111111001000001000111100101000110111111
1011011111001100110100010011110000001001001010000110001111111000
1011011010011110110110010110011100010111101010101111100100011000
1101011000000000011110011010010000100111000100101011110100010100
1110101000011000010111100111110001100111010100100001110000110011
0110100001000100011101010011010000000010111100101110110000110111
0100001001101110011011010001011100010111101101000110111110110010
1000001010100110111110010001011000001100101111001100001100101100
0010011011000100110101111101011101001100000011001000001010110000
0010000010011100111111011001011110100101010111001001110011110101
1000101000111101011111011000000011100000010011111000010111110110
1001111001001011111110011010110010101000101111111000100111000010
1010101001001100101100101001010010010010101110101000101001100010
1010101000011110001110110000000010001000001010111010010010000011
1010001101101111111100000110000110000010001000101110111011000010
0010000101111110110001001010010011101010000101111111101011010001
0010000101111100101000011010111011111000001011001110001001101110
0110000111101111100010011000101111110101101000100100001001011011
0110010011110110001011010001000010110101000101101000001001100011
1011110100010010001011000010001001111001100101111010100011100011
0011100110010011001001011000111001111001101000000000011101100111
0000100100110100011001010100000001110001100001111001000101110111
1000010011100000011100101100100000110000100001110101100110100110
1011110010111000001000100100100010111101110001111000000100001101
1011111010011000001000110100101110100010110110001011100000110001
1101100010010010011100100101001011010001111110001011101101100101
0111100110010111111111010101001110001011100110101001011101000111
1111011001000111111010000111011110000000100111111101011110000100
1101000000110111111000000101111101010100000100101110001100000111
1111001010110101000000001111111001100000000010111010011001110110
1010101001000101001010001000000000100001110111111110011001100110
1110110101101111001011011010000000100000010011010000111110101100
1111101001011110000001011111010100110010010101000100110111110100
1010001001011001100101001101011110110001110001010110001001110100
0110000000011001110001001111010110101001000001101001001101011111
0011110001011000011000011100001100101110010001101001000110011110
0011100000011000001001011100111111100001010111000110001111111100
0111110101001100101110111100011011100000111101011100001111100101
1010111101001000101110010100001010101010100111101000011010001100
1000000101000100111111011100001100101110101100000110110000001101
1001001100111101101111011111101100000010111111010111001000101101
0001001101111100000101010101001100111111010001010011101111101101
0100001001101100000010110100001101011000100001010011010001100100
0000010001001000010110000000011111001110000110110111000001000100
1100010101111000110000000000001011100010001111110110111011101000
0111010111111001101001010011110011100110110101110010111101100000
0001010001111001111101000011001110110110110001111000001001001110
1101000101010101111011111111011111110111111100011000001011111110
1101111100010110110111001010011111110011011001100101011011111010
0111011110010111010101001010001111111101101111101010010000101010
1101011011110111000011011101000010110001001010101110010100100010
1101010111100011100000010100001011011000001010001110001111011110
0111000101100001100010010000010001001111000010100111101010101110
0100000101001011101111000000011100010011101010100001111110110110
0111000010011011001111010110011010000011111110100001000101001110
0101110011110001110011010110100110101011110110000101100101001000
0100001000111111000111010110010011001110011110000101000101001010
0100100101000010100111010100010011100011110110110111100001000010
0101000001000000111011000001001011001001000110111011100001010101
0101100001011000001001000011010101000011100101011010101000100001
1101011010011101101101110011010001100111100100011010111101001100
1101000001110101001111001011111100010111100110011011111110000101
0101100011111011001111111011011101110101101011000001111000001011
0001010011110010011101110100101001110001100101000011011000001100
0001010111111101000101111111101011110000000111111101011001011111
1011000011101101110101110100100111100100010111011110001111011010
1000000000101111010001011000100100100101000111110010000101101100
1011011110101100010001011010100010000010000010111010010111000000
1111000111111110100001101010100110010110110011011000000101101001
0111000011101001110101100111111101000110011001001000000101101110
1101001111101001100101100111000111100111111000100001111001100101
0010001011001110101101100111101100100111110100010000110101110111
0010001010000111110010001110111111010011101101000000110011110111
1001100011100111010010101110101110000110011110001011110010111111
0011110110101011001011100010101010000100001111000011001010011010
0000000010011111000011000100100001001110101011000011101111011011
1011000010001000000010001101000001001110111110100101100011101000
0010000010011000111011001101000100101011100000000110100010100011
0010000011101101011010101111000010101100101001101100111100100011
1011001001101101111110101101010101001111011000011000110100101001
1111001110001101111110101110111100110111101010111101100110100000
1010001011111100110100110111110101011111101011000101000011100000
1000001011111110100010111010110000000011000010100101001011011011
1001011011000111100110010011000011100001000111100101111010000011
0101111011000010111000101011010011010001001110000111011010110111
0101000001101010110010010111010011110111110110100010001010110110
0010000111101001111010001101010110111110100101101011011001110110
0110101101100011001011100001010110111111100001010100111001010010
0111001100110111001100011101001101001111100000000100011101010011
0111011100100010100111011100000011101100100000101101011111111000
0111110111001000101100011110100101101100111110101011011010101000
0110101101001000100100010000001101010110001100001110011011111001
0110010101000010000100100001011100001001001001100111011001110001
0111110100011001110000111001100101011001001000000011101101110001
0110111000111101110010111001101101001001100111001000000110010111
0010101001111101010000111001110100100110000001100000001100011100
0001011111011101010010110100100100101010001111110000001010111001
0100010101011110110010110000010001001011111001010000101000110011
1001000000101110111101100010010111001111111001000000100010101001
1100000000010100101111100110101010011111111111001010111010101010
0100100111111001110101000110000011110111011111001011101011101110
0100010011111100100110001101001111110011010111011000100001100101
0000100100110110110100010011101100110011010111001010101001001100
1010000010101110110100010011011010101001100111111110011001101110
1011001000000110110000110101111111100001101110000000011000100111
0011001001000000001100111100110111110010001010000001101101101011
0101011001100001011100010001111000110011011110010001111111000111
1001000010000011011110011000100101010011001110010101011110010010
0000000000000100011111010010000110011011001000101101110010110011
0100001101000101110001100110001110011111101101111000110000111001
0100000101000111010010100011001100010101101101010111101111001101
0101000001110011011001001111000100111000101101010101010101001011
1001001101000000001011011111000001011100101100000000011111000111
1001001001000000000110111011001011111011001110000111010010110110
1100001001011011000010101011101110110011011001000001100011010111
1010001011110110000010100000101000111010111101101000100101010100
1100101011100011111000110100100110011010110001001100001101010101
0101010111101011101101111100100111111100010001001010010010010101
0011001101000100101001111100011111101101110001100010010011011110
0000001110001110001101111001010111000011100001101110010011100101
0011001110010110111110011101101111110011100101001011011001110111
1111001011011000111010001011100110110001100000001110001111011111
1011111011001000111100010110011101110000110000000110100111010100
1011101010101011111111110110111110000011110000110101101111011010
0110001001011011111111110010110011010010110010100111001101010101
1010000001111101101110110010000111001010110000010101011000001111
1010001111101001101010010110110100001010101111110101111001010110
1000010111001100011011110111010101101011101001111011111111010100
0011010011011101001101010111100101000010111000110111111101001101
0000110011000110010110000110100001010001110100111111110111001001
0000101110000110010110010111010000111011110110100001001011111001
0100001010000111111000110111011010100101110111011011001001110011
0001100010100111001111111111111100000001001111000001001001111011
0000100000111101001111010111101001001101010111101100010000011111
0100100101101011001110011001101001111100001111001110111100110011
0100001000100011001110111000010001110010000101101100101000101000
1011010001110011001110100000110101000010000011001101011001100010
0010010001011010101010110010100101111010000010110111101110100010
1111100001011100101100010011000110100001000110110101101010100100
1110111001111100110110100101100000101100000101110100111011100000
1000010000110111110101100100110010111110011101110000011001100111
1000011010011110100001100000010010100000110110100000000000001111
1000011001101110000001000100001000101100100000000010101100111110
1000001100000111000011011010011110101100100110001011011110101100
0010001000100101100100011001001110101100000011000100010010110100
1000000010110101110001110101101110101100010010101010001000010110
1000100010100000101000101100100011101011011000101100000010110110
0100000110101110101000011110010001100011101000000010000010000100
0101000000001110111101001100111111110111100011000011110010001101
1001000001101011011100011001110111110101000011011110100000000000
1011100010111010010000011011010010111101111111001111000001110000
0011101101111000111110010101110010111001111011111101000000111110
0001101111111111111010001101101110001101010011000101011001111111
0001101110001110101010001100110100101101100001010110000100011001
1011101011011100101100111100111100101110100111110111011101100001
0110001011011000011101110110010011001100111111100110111101100011
1101001110011001010101010000010110101101101111000110011011011111
0001011001001111010001000011010111101101011101001101011011010100
1011011000001111100010010001011011111101110110000001110110011100
1011010001011111000110000010011000101111000111000111110101101010
1100100001011100010101000101110000001101101111100111110100000010
1100001101001110011100011110010010000001111001010111110110001110
0011110001101110111101011100010010000000111000110100111000011011
1111010010001110100111111000000011000101011001110110100100111010
1001010100011011101010101001010001001101001001111111100111111101
0011010111111001101001000101111001101100001011011110110110011011
1010000101111100000001010111011010110100001001111101011000011011
1011100100110001100011010010011110000100001110010011011000001000
0011001001111100101001010111100010000100001110110011101011011001
0110001001110001110100001111110010100011100110110000111111111001
0100000001010001101100001100011001110010010010111101101110110011
0010000101000001000110001110010000100100000000001001001000100010
1000000010100111000110001110100010000011000111001011100000110000
1110010001011101000110010100111000000011000011110101100010111000
1101011000000100110111001010011000001011100111101101000110111001
1111010100000101100111001110111101110010011110101001001011001001
1110011000011111100001101100011100111000111010100001111001000111
0010000010110111010000111100011110110000101110101101011000011010
0000001110111110000110110100000110111100001010111111011011111101
0000000110001111011101110100110010110111001110111111000010010010
0001000100000011101110100111110100111001000110011111100110110001
0010001100000011100101001011011100110001000101111110001011101011
1011101101011111011101011010011101010001001101101100101100100010
1001001101101101111101101001111101011011010100001110110000111010
0000110101100100111001000001101001111011111111011111100000010110
1011110101010100011101100000111001110011011111001101011101011001
1000010010000100011101001000100000100010011100000000011011001000
0001111010000101111101110001111010000011110100100000111111101101
1000111010111101110001111001011110011001111111000111001111101001
0010111111101011110101110000110100011011011110011101001010101010
0010011000001001010100101101100110011000011010111101001100110110
0011010111001001000100001011010111111101010111101101101111111110
0011111110100001100110001001111010010000001000100101101110111110
1010111101100111100110000101001000010101111010101100101011010100
1011001100100001110100001111110000000100111010011101100001111101
0011010110000001110111000010000000100000001110010101010100101101
0001111000000000110011010001000001100010000011100110101100101111
1000111001011100011010011001101101101111100000110100101101001111
1101111001001000110010010101100010001111101001011110110011001110
0110101001111101110010110101110010011110111000101100111001111101
1000100110111100111011110001011010001110111010001101100110110101
0010000110011110011001110011100011001010110100001111101111100010
1110000111101011110100110011101111011011111101111111101011011010
1010010110101100000011111011001111101011001111111111100001100010
1100111001101100011001111011100111100110111101101011110001110110
1000000001110100010011110001000101101101111001100011000101011100
1010001101000101110101110101001111110100110001010111110101111000
1011010010000101011111110001101111111111111111000111011001110010
1111010100110100001110010011111111011110000110110101011100010010
1101100011111000001111111011110111010010110101111101001100111110
0100101011111001011001011011111011110101000110101000001100111011
0000111000011001010101000011101001100010011111101110001101110001
1111011100010011010111110010100010100000011111100011011001011001
0111101000111001100100010011000110101010011111110001001000001101
0110100000100111101101010101100010010011011001111011111000001111
0010001000111111110001010100101000011100101001110010110010000110
0011101000110011000001111000010001001110101001010000101010100001
1110001111100111001011100000010111101010101001000010110000100011
1101110100001101010111010100011111000110101001100010100000101011
1101100000001110010101100000110100001000101000101001000001000011
0100110010111110001111101011110111111010101000011001000010100001
1101011011010010001001101011100110010000101000010111000110111010
1000111011010010011101110010011010000010100000110000001100111111
0100100011001111010110010000011000100110001010100000101000111110
0110100111000100111110100010000101101010001110110011101010010110
0110101101101111101110101001101011101010101110010000011011111110
0010110110111110101000101001111001010001101000110000010011110011
0111100111011010000100101100110010001101101000110011010110010010
1001001110011010001110001000110101001101011010110000111000000010
0001000010111110001010001001110110100000101110011010100000010000
1010010000110110001010010011110111001000111001001010001011000100
0001010101100100000001010001110111011010001010001100000101000000
0011001111100100110001000100100011010000001000001000011110110110
0011001111001010111011001111100010000000000110111000000000111000
0010000111000011100011010110110001001110000100110001110110011000
0010010111110111110010110111000101011101001000111101111111100000
1110011101100011110011111111001101001011100001111001010100110011
0110101010000011110011111010111101111101110001011100111111110011
1111000001000011110101101000101111011100010001001001111100011010
1110011100001011110011111010101111110000001110001011110110000010
0010110100011011010111101101111111101100101100001010011000000011
0000011100011111101011111111010111101011101110100011011001110001
0001010100011000010110010011010011111001010010101011011111110001
1001011010010001110000000001000110011100000100111011011111111101
0001011010000001000100101011011011100000010100111111010100011001
0001011010100111110111000011010100010101000100111111100001111001
0111000010110001011011010011100100011111001101011111000001000011
0010000100011000100000011011110000001111001101010110000110001001
0111100110110001010010011011010000101101101101001010100001001111
0110111110110111100111011001010000111000011111101000010011000011
1111100010110100000111011010000101011111001011001100110011100011
1111101011000001100111010010000000011010100010001101000110110000
1011111010100101001101011000100010011011010010001101111101001000
0001011000100000001100111100100010101110001011010100011011011000
0100101011110000111000001111000101110000001011010100011111011000
0101111011001110101100101110101000110000001011011111010000011001
0100000000001100110001000110001101110010101001001111110011011001
1110011101110000100101100110001100110010101111110001110011111011
0001111011101000111101100111101100111010111101110100011011001010
0101001111101010100100110111100001111110110110010001111001000011
0111001001001010000001110101001001110001101001011001101001001010
0011101101010110000011110111001001001011100011010101100011110100
0111001010110010000011101110001101000111100001111111000001001110
0101000110110100101111011010001000101001000111111110100101001110
0001011110110110100110010110100011001010000110100111001111011110
0000111010110000101100000101101101000010110000100000101111010110
1010110000100000101110001011101011010100001000100101100001010010
0000100100110110101111001000100011010001011110110101010010010001
0111100100000111101111101100110011011001100101010101101001000101
1111101101011110001011101001010100001011010101110100101000100100
1111011001011110101111110001100001101101011111001010111000101100
0000101111000010101011110011100011111001111111001000101001110000
0000110101000111110011100010010010001001001110001011100100110001
1111010111110101010111100001000010101100011111101000110100110001
0110111111110100011111011100001101000100000011101010010110110001
0011111110011000001100101101000111000000100110101011011100110010
0001011111011000001001100101110101110001000100011111000111111011
0001111101100010011010100011101111110000000000101011010011101010
0000111011101000000001010011111111110101001100000000100011101110
0001101001101101000000111010011111101101111000101111100011110010
0001101011100101011010001010011100100100010111000111101110000010
0000011110110011100010001010100100110101010011001111000100110010
1110000111011110101010011010110101101001110011001101000100100101
1111000011101010111011011100101001101111111101100111001100000001
1001000001100001100011111100011011111111110011010110000000011001
1001001101100000110100110110010010110011111111100100000010100000
1010011001111011111011101110000001110011111111101000100010001010
0010101001100011111000101110000110110111110000100100011110011110
1100001000100011001000011011101110011111111100100110010010000111
0100011010011111110000111011101110101110000010100111000110000101
1000001000010100011000111011110101000001000010100010001111000100
1000000000100111011010111010111100110111010000000100000110110110
0001110101101110011001011010011101110011000000000101001000111001
0101110101100110111100001111110011110011101011011001101000010011
1101011111000100110001011011110010110011000110110001000010100011
1011101011100100000100010001100000110011010101000011010011101011
1010011011000100001100000111111100010100110111010010110011100110
1010000001011100011100110110001010100011110111110100110010100010
1000001001110010111010100111000010000111010011100010101010000011
0000111010100010010110011111000111100100100011100011101000001111
0111101010001111000110011101110101100101000110010010101110001011
0011101011001010000100111011000001000000100100110111100110111010
0111101010100110100111001110100101100011100110110001110110001010
0101101110000011101011101111101000110101101011010001101010101010
1001111101100000001001011100100010010001101010100001100011101010
1111011101111001001101010000110011011010100010000001010101110110
1110011000110001000101000010110110011100110011011000110101001001
0110001111101001000000010011110101011100011010010010100001100101
0111010111001011110000110010001111000000011100000010101001000110
1011011100000111110000010100001111000110101001000111100000010011
1001011111011111101100101100010111110010001101100101100010010101
1101011001010101111110011100101110010001011101000000110000010111
1100010111011100101010001001001101010101110001000100110110000110
1111001001010110100010000001101101000101111100001111000110110100
1111001100000110000011001111010101100111000110001101010111111111
0111001000101011001001111110100111100011100111001000010001110110
1100101000001010101101100110111111110111010110000010011000111111
1100111101101010101100101011001101100011011100011010000110001111
1110000100001010100100011011010001010010111101110111100110001110
0011000111001110111100011111111001001011001111110011010111001101
0100100011111111010100000111011000011011010011110110010111000000
0100000011110010111001000010010010110011100011110111010010111100
1001001001011110111011000110110010110001111001110000110001111111
0010111001011110111010001100010110001101101001000001100101100101
1110101010000111010001000000111100001011111001010001100001101101
1101000110001100011000001000011100001110111010111101001101001101
1011010101001010101001001010010101110000011111111101001001001001
1011100001010000111011111000100101110000000110110101010101110001
1001000111111010101110011000111100000000010010010100011101110010
1001100010111000101011010110111001000011010101000011011100010110
1111010010000010111011110010111011110011000101110000011000010001
1110010000000110011100010000111100100110111101100100010001000001
0011110010111110011011110110111100110010011100100001010101001011
1100011010110110000110110110100110011100000101101001011101001011
1001011001100101000001110101111110011001000101100010001100001110
1111100110111101001001011011011110011001100001000000001100000000
0111100110111001011001111011110101101010001111110100001100111001
1010111011111000001101011010010001111010001101111000101111011000
1000111100101011111111011010101111001100001100101010100111011000
1001111110011011100001000010000101001010011000101010110101110110
0111111100011001101000010110000000000001001010101011011000111010
0100101100011011101001010010001011011100011110101111010101001111
0101100100010010011011000000101011101011011001101111011101010001
1100111100010110001011000011101011000000110000011011010011110011
1011111100010110111011001001011010001001011000010110011110000001
1111110000011101111001001111011101011011001010101111111110011001
0111110110001000101100110010110101011001000010101101111000011111
1010011111000111111100110000100101011100010010100100110110011010
0011000111010110011001000000001101101101010110100011011110010010
1110010000100111011001110111100101101101000011100010011010011010
0110110000100110110000000111111111100100010101000101011011011001
0111101000100110101011001101000100111110010001001101001011111100
0011010001010110111001111001000110111011111101100001100011111100
1111000101010100100000001100100010111111000110100001101000111100
1111111011000001111001000100100110110101111111101100101000111000
0101001000001000111001001101110111001100011011100100101101110001
0011000011001001001001000001111111101110110111001000100101001001
1011011100111001001101100001100001101111111011000001000101011100
1101001100101001101000011101101000001111011111001111000111010111
0011001111111100000001011111001000101101110100011101010111011111
1001001111111100000010100100101001011001110100111100101011010001
0000101111111001010000110101001000010101000000111000011000110011
0011001101101001100001011101111110010100001100010101111000110111
0010001010000000001010011101110100110100101001000001101110110101
1010001011001011000000011011111100111001101100110100100110100110
1011101001011001001001010110110101110101110100001101100011101110
0011110001001110101010010011001111110111110101001101100011010011
0000100001001011011110110111000010110100011011001101101010000001
0001101000101001010011110100101111010101101011001001111011000100
1001101010111011011010010000011010011101001111101011010010000011
1010101000100000111000010011000100011101001111111010100100010010
1100100010000110011001001011000110010001100011110000001101010011
1001010011000110110111001101011000000010101011000000101100010011
1001010101101100000101000101100000011101111001100000100110010111
0011010100001111101000110000100000011100101111001010100110001111
0000010010000101101011001000001001111000111111011010110100100011
0001010010011011101101101000011110101100010010001111011100100011
0111100010011010100001000101110000101000000000000101010000100010
0001100000110100111011000101011000111011001100101100000011100010
0010100010100110010010010101000010100011010111011100110011110010
0011101010010110100000000011010010110111011000001000010111010011
0000011100100011001001000010010110100110011010001100010000010001
0010011101110010101001100001001110110101110100101000111100010000
0101000001100010011000111101001010010100111000110010111101000000
0111000000101100011101101101100101110101101011010100011101001000
0000001000111110011110100011010000110000101001010101111001000010
0110111000011111010110100100110111111001101001000000101011010011
1011111110101111101110101110110011111001100000011110111110000011
1111101001001111101010101001100111111101000000100010100110100110
0010111010001111101000010000110011111100110001100110110101101010
0011101000011011000010010001011110110110101011100110010000110010
1010111000011010000100010101011000100111011001100010011111101111
0001011000000000000011011101001100000111011111110110011011110010
0010101010111011010011001011100110000101001111110110110001110110
1011110010101011010001001000101000101111011101110001111000000110
0010011010011001110101111100111001101010111100110001111011011111
1011001011001101101001011100110000011001011010010101101011011110
0000100110001111000111010100010001000011010110011101101010111110
0111101100011110000101000000100001001001101111010101111110011100
0101011000101111000011011110000010000001101001011001101110011101
1101011001010111001101011010010100110010101101011100101101111001
0011011001010101100101011100011101100011000010011101111001101111
1011001001010101001000010000110100001011100110001001001100000111
1000110100010101101101010010010110001000111100001110001100000100
1100110111010101001000100011011010010011101100110100011100010110
1100001110011110111001100011101100010111011111110111011101110110
1111000110011111011001101001101101010000001001010010010000101010
1110100110001011111001110101011100111100101001010110011100010001
1111100010111010111011011001111010110100111010011100110000000011
1111100000100001101010011010101101110101111011011000000001110110
0100110000110010001101011001100111110100111010101010000001111011
0010101000111110001100001001111111111100011001000100011000101111
0011100010101011001001101010111110110100101011000010001000010011
0011110100111001111011111010000110100111100011110000010000000001
0011110110110101101011001010010010101110011010111011001001011101
1010111000100111001011111110010110000100000000101011100001110101
1001111010001110000010101110010111011001001010100001001001001101
1001111010101111001101100100010111110011101011010000011100110001
1111111010011000001101010101100000110011101111110011011100010110
1011010010000000100011010111101110110011100111010011011111101001
1011010010000010110101100000101000111011000000010010001011011100
1000110000100010100101101100100010000111010000011001100110001100
0101100001100011100101100100000111100001001010110100100111011110
0101110010111101100100000110100011110001101011110101110101100011
1010101010101110101000100101101010111001100011110000111110100011
0100101110101100111010000101100000101010111111111000110000110110
0100101101101110101001100101100111110010011111111101010111000101
0001100001011100001000100101100000111010110101111110010011011011
1001110010111011011000101000010000100010110001110100100011010010
1001110011110111010001100001011101110011001110110100111001011011
0010110111100011110101100001000001110101011100101101001111011010
1110101111110001110010000101001001110001110111111000001001011000
0010011010100111110110000101001001110100000010111010101101100010
0011011111000000010100000001011010111110001110111100101101010100
1011000111100100110111010000100000011110000111111111111111100100
1001100100110101010111100110001100111110010111101010111100111100
1011111100110011001011000001100000101110011101101111110101011100
1111110100111000011010100011000000111010000001111011000110010110
0110000001110000010010000111110001101110000011111010001000000101
0110000000110000110110100100101010101101011011110001000001011011
1001011000111100100111110000101010010100011100110001001111010011
1011001001101101100011001110110010011100011110110111111011111001
1001111001101001110110100011100000011100100100100110111010111110
1100111000100000100000111101100001111100100100000011100110010010
0000100010111000010011111101011001110010010101000011000010000010
1000101010111100110101101110110001011001001001011010000010000001
1111000010100110010101100010101010000001101000001110010110000001
0101010011101010011101001010111010011101100010100111010101100010
1011011110001010111100111010011101011001000111100110010101010110
0011000110001000011000010110001101100000110110100110110000011101
0011001010111000100011000010011101101100011111100110100110110111
0001001111101000100110100010101100001100010100001011100111011100
0101101110011000101100010110100110001110100011001011110010010000
1001110100111110100001110110000111000100101000101010110110010100
0111110111111101100010111110011011100100101101100011010100111110
0001010101101001011000110110000000111000001111100011000100011010
0101010111101111010010110100000110111000010011010101101100100111
0101000011111101010001010000100011101010011101010111110001101011
0010001010000011111011011010100001110110011101011101111001101010
0001101010000011110000001010110001011000111000001100000001100001
0111100010011111110001001111100110010011111001011000000000100110
1111010011011001100001011101100010000101001101111100001010110000
0101001111101001111000010001100110000101000100010101000011111101
0110011100100000101010110010000110100001110010110101000011111010
1110000011001010001000111010000110110101010111100111000101100010
0111010001100100000000100001100110111111000010100101001100100011
0110011100110100000000100001011110001010001110111101101110001100
1101110011010111000000010101111100001110001101101101101111011110
1101010111110111010111000110000100000011000101110101110110011010
1000001111010110000110011011010101000010000101111100001010000010
0000010010000100001110011011100011001000000000011111001010011111
0110011010101100000100111010101001000110010110110010000010010111
1010001001010110000010111010001000100111111110100110000011101111
0111101111010110000000011010000110001011011001100111011111101110
0110101101000011000001010001100100111110010101110101100101101110
0110100110000011110000000110100001100100111001100001100110111110
1110101101100110000001000010110011111100111111110111100110011011
1111110001000110000100000010100000111010110000111110101011010111
1111110001001100100001011001110001111111010100011101111000010100
1001111010101100110101111001101011101100000101000111101011010100
0111111110110101100101110101001001111000001001010111110100010000
0011101101100111100001111111001001111101010110010101101110100100
0000101001100000010010001111011001101110110110001101010110110100
0101100101110010010001000110011010001100100010101000011111110010
0000010011000001110001010110011011100100111011101010101111011010
0001111101000111010101011100010111101100111010110111001001001010
1100111100001111010011000001110100101110011010110010001111001101
1010110101111111010001000111010010001000011111110100011111101000
1010111100001011011010001001011110101101110101000100110111101000
1010111100010011110101011001111100000010010101100000110100001110
1000011101100111111101010001001100011110011001000100111101010011
0001001100111110011100101111011100010010111000000101011000010011
0000101101110011011011010010011100000110101000110101111001011010
0110100011111010010001010000001100010010100000011000011011001111
0101110010110001000011111101001110000010111101011000011100101111
0110011010110011010011011111001111000000101010011111101011101110
0100101010100001010001011011001011010111001110101010111111001000
0000110010011110010001111100011001010111011011111110111110101100
0010010101011110010011111001011011001001110000001100110111101101
0000000000011111100011110101011011010111111010100000010101110001
0011110111011010100000111101011110010001001010101101010001111001
0010110010010010001000001000100101110001000010000101010011001000
0011110010010010010110100110101100111011111000101101100011000010
0010010110010111010100000010010110111011110100100100001110001111
1011011011000110011100100101110000001101100100100100011100101111
1001000111101110011110001111010001101000111011100100111100110111
0101000100100011001011101100010111101000101010000000010100110100
1101000101001000000000101110111011110000101010001001010110000011
0011000101010000101110001111100001100000011011001100011110010001
0111010110110001010010100111111001110010010010001110011110101101
0111110111110011000110110001010100111011001110100110011011101000
0110011111100010000011010001011011011100101100101110010001111010
0011011111001101000011010001011110110100010101011111110100001010
0011010111011100001111011001110111010010101100010110111011101010
1011010100010000111110101011011011111010101111011110110011100100
1011010001100011011010000011101110011000100111011000011111100000
1000010000101010101010000000111111000000100000000010010101000100
0100010001010011111110100000001110001100100010000010111000000011
1000011000100010001000101001001100001110101010000111110111001011
0000111010110010000010001111011011100110111110000111000100000001
1001111011111100001011000100110011001011110010000111001100100010
1010101111011100100001100111110011101010101011100011101110001110
0110111000011110001011110110000111101011101011111111010100001110
1001101000011110001101110011110111101111101011110001000011000001
0011100000010101000100010001110100001101111101110011011011100100
1001011000011001100100010001011111011111111000110111001000110001
1001011001011011100000100101011010101101101000010000101101000100
1101101101011000110001100010010110101110001000000000100001111101
1011101101011011110111100001000010110110111000001101010010100101
0011101101010010100101001110000100101100111010011110010000011101
0001011101011101110110101101000100101011001010010100100000011111
0000101001011101001010101100111000100101010011001100100000000111
0111111100011101011010011000010000000100000000010000100011000011
0010111010000001011010111000001000000010010011100110101010010111
0000101001111001011111011100111001000011100010001111100000010111
0100101111110110001111101000110011101011101001010110110100010111
0100100111100001100010101100110100100110110011001110110000110111
0110100011011000110000101100001010101110110011001001000100101011
0010110011011101000000111100001111110001110100000101000110001101
1011100011010001000101111011011011110001111011010001101000101101
1000101111011111011111011101001010010001111001110111001010111101
1001100011011101010110011100100011011000110110110110101000101010
1001101001111000010010001111111000010000000010110111001101111110
0000101000111100011100111101110100110111000100110101010111110110
0100111001001101101100111011110011000110000100111101001111000101
1001110000011001101111101011100010000000000000110000001100100110
1110010101001100100111110001101000101000000000111100101111100100
0100111111001000101111100010011010101101111000011101100110100000
0110101110010000110110010010011010011100011000010111101101001101
0111001100010010110000010011111011111101100010000001100000111101
1011011000010011111000100010010111110101011010011010000001111100
1011011011000010100001011000011010110101011000001010010111010001
0010011010101000011111011100011001111110001000111011110110010001
1010011010000001010110001000001000111101001001110100111010011110
0010001100001100000100001001000010010101010011100001111011011011
0100001001000100100100100000100000110101110110000000010000001111
0000101011001101100101000010100001101101001011000001001110010111
0110101111000110101001101010110010101111000001001010011000010101
0101011001110100101010101010110010001001100000001101010100110111
1110011000101110101000111100000001101011001000100001010100110101
1111011001100011101111110010100011001100001100100000000100010110
0011010000100011111101110011011010001010000000101101110100110011
0000110010110011110101110010010000010010001001001011100010101000
0010111011010000110101010011110111111010010101101001100011000010
1011001111010000100010000010101111100011100111101011100001010011
1111011101110100000010110001100111001011111011110011110000111010
1001011110101100001001101100100010111101110001100011110000111000
0001010111001101101001110110000001101011010011011011111001101000
1001011101011000010111010110000001101011001111000100101000101010
1101111011101010000111010011101101101010001110010101011011100110
1100111111001000011110001111000111101010100110100100100111100111
1110011111100100100011101110010101100111100110001111100011100101
1110111011111010100000111010111000100101100111000000000011110001
1100111001101110111101101000001100010111000110010010000001011001
0010011100001001010101001010000110010111000100010110001010110001
0000110101000111101100001110111110010100010010010110001100010001
0000011101100100000010000110011101110101011100000110001100001100
1101011101111100110010010000000110001101011100001001001100001010
1001110111101000010001010101010100010010010101011001001100010010
1101111101000010000111010001111110010000010111011100001010111001
0010001100000110000100110011010110110101010111011001110010111011
1010001110111111011100010000010100111011010111001001000011000111
0000011010101100110100111101110100110011011100101101000000010111
0011011001101000010101100110111001110001010100001111011000100110
0011100011101101101111001111101101010101100100000111011001101100
1101000001101101110101001101110110010001100000010100000001000000
1101110010101110110001101101000110111101101101111101001101101000
1101101000011111111100000101011000001101100001011101111101001000
1111111111001000101100001010001000101100110001011111111011001110
1111110011100000011100001111111110001101010101111101010011111111
1111000011001001010110001111001001111101000101001001111110111110
1111010111111001110110001000010001110111100011000000001000111011
1111011010111011110110100101111001110010111000001001101100011110
0011100010110001111101101101111001101110100001001001010100111101
1011100010000001101101111011000100100010111011000111010100001111
1010101101110001000001010011001110110010101011010110011100010100
1011101000001111111001101011010101110101100011010110011110010100
1101101100110010110101001001010110110100110011010100011001110001
0101101110110100110111011010000100010100101000010011100001110100
1011101110101111000111011011110000110100001000010110000111101101
0011111111010111011111111001110110110011110110011110010111111101
1011001100010110011111011100100010110100110000000111011101110001
0000001010000110010101111100111010110110110001101110100010100001
0000001010011110010111010101101110101000000000010011000111100001
1110001010111010000011010101011001110000011001011110000010100101
0111111111111010010000110101010101110000101011111000101000101001
0111010001101010101001110100110100110100001101100110100010111001
0001100000101111000000100111011100100000111100100110110010110101
0001101000110101110010011111000101101010111100010110000010010010
0001001000001011111111111111101100001110111010010101100011110011
1001011100001010110000010111111100000000110011110111101000110000
1000101100011010111001111110001100001100100000111110101011000010
1000000000100001011100101110001111000110100001101111001110010010
1110000001101010001001101100100110000111000000100111010101011011
1110101100001101011000001110010101001111011000000111110001011001
1100001000001011110010010010110100110110011100000110100000010011
0110000010001001110000111110010100110111111011111110001011000011
1110011110011100011000011010000110111011011111110101001111101011
1010011100110101111000110000100111110010011000010000001111100100
0101011101111101010001100010111111000110111000110110001101000110
0001010101111100011101000000011110100100101010000000001111110001
1111100000111100111110100000011000101110100011000001001000100101
1111001100110100001110100110101110001110100001011111010000110011
0111001101100101101110111101100100011100000011001111100001101110
0011011001000000100001111100010000010000000011101111011101011110
0000001001011010111001111000010101111100111011101111011001000001
1000100001000011001001110010100101111111010011010011011010001001
0000100111110011001111000001000111101101000001110110011001000001
1000001100110101001110101110000111111000100010110110011111000100
1100001010111000011111101111001011100010101110101100111110010000
1001100011110001110101101101001001110011101000001010101011010010
1001101110111101110000001110101011110000111100010110001000010011
1111001100100101110011101110011111100001001100010110011110101111
1001001110000100011001011010010100000011101100010100100111101110
1001000000000000011101010100110011010111011100000111000011110110
1100001101000101000011011100111011000101010101100111001011001010
0101001101100101000111001000111010001111111010110101000000011101
0111100001100000111111000000010000001110000010111101100010101100
0111100001110000101101010000001000101000101011101010110101111001
1011100000011000001011010110011100010010101001100111110000101001
1101100011001010001011001011111100010010111011000000110101010101
1111001110111111001011011001001100010010001010010000110010001001
1100011110111000001111101001000000101001001100110101110011001101
1101010110111000011011000011110111100000011111111100100101101101
0000001110101100010000001010110011100011111001111100100100011000
0100101000010100011010001011011111101011111011100110100111001110
0101001101001100010010111000111010111011110011000001100101011100
0111010101011110100111111000110100101110110011000011001110010001
1100000111011100000010110010001100100100101111011011011111010001
0100011110001010000000100110111100101101110111001011110110111011
0000111110100011110100101001111010101101110000101011100000110111
0000001010010011100110101010001110111001011010000011001000100101
1000111111010101111111101011001110101001000111111000101000000101
1110001011011001010101101010001100101000000001110110111100010000
0000101011101111000101111011001011101010010000110110011000110111
0110100110001111000011111101111101001100111110110100001000110111
0111100101001011010010100001001111101011011110001110011000100111
1101100111100011001110100001001100010001111111111111010100110110
1111000011100101100111100111000001011000010111110111111100011100
0111010011110111100101011111000111111000011111101010000010000100
0011011011010111100100110111101100111001011001110111000111110111
1010010011011010000011000110101100101001110011010000000111000111
1001011110011011100101010000110111001101110000010000001110000011
1010100101011111110110011100111001000101010000010001011101000111
0111110101111011110000111010111101001110100000111011010101010011
1011001110111011000100100000011110100110111000111011110100010001
1111000010011111000100000000110100000011001010100111011100101001
1110101100011111000110010010101100101101101010110101101110100100
0010011100010100000011011011000100001001101010001101001011000110
0000011100011100101110000001100100000111001000010011101011111110
0100011100110010001111010001100111101111011000001001110100110111
0101000100110000001100000100011101100101011000100001100000010000
0011001000001000110111010110111110110101011000101000100010000001
0011101100010011001111011010110010011001110001101000110111010001
1010110110010011011000110001000010011101111001100001110100010111
0010110111110000111001001101000010001100111010110101100001100110
0000010100110011111010001101000110101011010011110001110111010111
0000110010000011111111100111100110101100010100111001010101000100
0011111010011111101110001010110110101101010010011001110101101011
0011110011010100111100100110110001000100010010010101011101011001
0011011111110100011110011100011100010100110010011011111111111101
0011001011101000010111000100111111011011110011011010111010001001
1011100111101101011111010010011100011111101001001011011010101010
0011001100001111101111010000111000001110100111001001001011110000
0011001011001111010110111000010100011010100101111011010110110001
1111000001000001110111110001000100010100010100010010100110110001
1111110100010011100011000001000000111101011010011010000101111101
1011000101000000111000010001000000101111111000111110100001110110
1101000010010001010110011010100000101010011101111111100001100010
0001000001010001010001111001100000111010111111110011011010010000
0010000001010011010000011101000101010111110001100011001101110100
0001100111011100110001011011010010110111111000101011011100110100
1001010110011110110011011101100011011111100001101010111110001101
1011001110011111111110001111110111001100100001010011011100111111
0011001010100101111101001110110000001001110110000011010100000111
0010011111101011111001101100111100001001111000101111000010010101
0000011000001110010001111100100100000000010000101000001110011111
1101001010101101000001111110100101010000011011111101000010110101
0101010110110101011101101100100111001001010011000000000011010101
1100010000110100001100111111101000000011000000011000001011011101
1001110000111100000111111011111100010001000000110111011011101010
1000110100010110000101110000111110110010100010011111111000110110
1000110100010010110100110100100010010001101111001110100101010011
1000000111010101111001000101100010001001101111101111001111000110
1000101100011111010000000001110000001010001101110111000101011010
1000100010111010011011000110111000001011000001100110001010011011
0011101110111001010010000100110110011110011101100110101000010111
0001101111110001111011111010010110011000010111101101101000001100
1011111011110001010111001000011111010001010001100111100000100001
0010010011111010101111011000011101111111011000110001100000000000
1111010001111111011111111000011010011011100000010101110010100001
0001100011011111111010011000010110001111101001010000000011110001
0011101111101101011010101100010001001111101101110010100100110110
0100000011100101111010101100000100001111111011101011110001110001
0110001111100010110111100110010100100111100000001011110011111111
0010101011001011000101000001001100101110100000111011011011100111
0010110000011010111011001101001100001011000110111011101010110111
0111110011111111011011001001010101001011010011011110100010000001
0001101100111011001111001001110000001011111001111110010100100000
0001010000010100001011000001100101101111110101110100110110101000
0001111100100100101100000011111101101010111111100001100101100000
0000100100100100111010000011001110111110010110010011101110100011
1000100111111110101011000110011100111010110110000000000010111010
1000000100100100001101101111001100011010111010101100110000110010
1111010101011100100001001010001100011000110111001001110100110011
1111010110011011101101001110000000011010101111111110101000100010
1101011111011011111110111010001010101010001101000111100100101110
1011000111101111101010111110000110100100111111001111110101111111
0010111111101010001110110111001100110100111111100100111101011000
0110101111011110101010001110110000111011101111100010111100011000
1101000101011111000011010110111101001011101101101000111100111110
1101101001111110100001011110011101011010100010100000110011001100
1101001110110111010010010011100001010010101010101010111111001100
0111100110111101110011110011100100111010011010110011111110111010
1010100110101101100111110010000000100111000110100001100011111110
1011000101011100100010010100101001100100000110110001000100101110
0011000100010100010111111010000001100100000100110100101100010000
0011001100100101000110001010011101100101000101010010101001100111
0010000100001001100110001001000011110100001111000011000101010111
0111110100101001001010100001000111100101110111101011010011010100
1110110100111000011000000001101101100001010000110011111000011110
1110111110101011011001000011010010111000110000111011101100001101
1011011010101010001110001111111010100110110111110011101101000101
0001011010101111000111101011001001010100010101011010101011000111
1001101111101111001110100010001000000101010101100100010001001101
1100111101101101011110000101001110100101011111100010000010100111
1100010111101001101110011111000110010101000100011010100100100011
1110010011011001010110010111110100000101011110101011110101100100
0100110011011001010001110011100110111001000110000000100100100101
1101010100001001001111110010000110001001110111100000100010111101
1000000000000001110101101010100110001011110111011111000000011100
1110011100010111010101011010110110101001010101111110100010010111
1111001000010100010101111110011110001000000011110101110001111011
1111011001110001110101110011011100101110110110010101001111111011
0100001001100001111101010010010000111101100010111100100010011011
0110101001010000001101111010101000001011100100011110000010001010
0000100011000101001101110010101000010010111001111100010011000101
0101111111010111001111100011111000011110011110010110110011110101
1100101010001101001011110011110100011100001100100111010001101111
1100010011000010101011110001000010011010001010110111011101001110
1101000000101111100010110110001001011000001010010111011001110111
1101000100001011000011010010011111111110110011010010011001000001
1100001011000011010000101010011011011010010101010011010000001101
1010001011000001010100001000011111001010101111100010101010010000
0110011010011100010111100000010100011110100111110000001000010100
0101100011101111010001100000010100001010000111100001010100111101
1110101011100101010011100100001100100100000010100010010000101010
0110100011110111000011111001100100000000111000100011100000110011
1011111000110010000011101010100101101100111101110110100000010010
0010001100010110110111100000001000100110111111111100101000010011
0111101100011000010110000000001010100111000111001101000101110001
0100111100111100000110011100011111100100010111100101100110000101
1111111000111101100100011110101101000100100101010111000011100111
0101111000111011010001111101101110010100110111110011000000111011
0101101010010101000001011001100001100000110010010001100001110011
1101100100111100010010001011010100000110101010010001100001010111
1111110000001000010011111010010110011110010010000101000000000100